#
# time		Re & Im in UHP		Re & Im in half strip
#
0.0000	9.85116e-01	1.71890e-01	1.00000e+00	5.00000e-01		0.302097	0.740002
0.0010	1.00346e+00	1.64409e-01	1.01802e+00	5.32654e-01		0.567932	-0.591827
0.0020	9.89962e-01	1.47129e-01	1.05026e+00	5.01803e-01		0.509322	-0.254620
0.0030	9.85802e-01	1.33053e-01	1.08030e+00	4.87486e-01		0.108956	-1.084049
0.0040	9.65781e-01	1.24924e-01	1.08732e+00	4.35234e-01		-0.124092	-0.476408
0.0050	9.56636e-01	1.21692e-01	1.08662e+00	4.10993e-01		-0.726559	0.315644
0.0060	9.56368e-01	1.33228e-01	1.06074e+00	4.21094e-01		0.013181	1.139321
0.0070	9.76508e-01	1.38512e-01	1.06340e+00	4.68871e-01		-0.540866	0.980751
0.0080	9.92297e-01	1.50617e-01	1.04355e+00	5.07730e-01		-0.396518	0.479863
0.0090	1.00089e+00	1.57305e-01	1.03161e+00	5.26699e-01		-0.052802	-0.777623
0.0100	9.83068e-01	1.54132e-01	1.03332e+00	4.89893e-01		1.145618	0.184457
0.0110	9.91166e-01	1.27402e-01	1.09592e+00	4.98307e-01		-0.031873	1.978709
0.0120	1.02595e+00	1.30182e-01	1.08910e+00	5.82877e-01		-0.821450	0.357385
0.0130	1.03439e+00	1.41986e-01	1.06008e+00	5.97591e-01		1.048359	1.323576
0.0140	1.05763e+00	1.12573e-01	1.10913e+00	6.67738e-01		-0.702660	0.400326
0.0150	1.06926e+00	1.18377e-01	1.08514e+00	6.86377e-01		-0.027688	-0.236085
0.0160	1.06495e+00	1.17677e-01	1.09091e+00	6.78341e-01		-0.375095	-0.272807
0.0170	1.06297e+00	1.23376e-01	1.08110e+00	6.68921e-01		0.692497	0.228790
0.0180	1.06120e+00	1.05504e-01	1.12111e+00	6.83338e-01		0.822564	0.279356
0.0190	1.05863e+00	8.73524e-02	1.16761e+00	7.01458e-01		0.400755	-0.991542
0.0200	1.04234e+00	8.73974e-02	1.19059e+00	6.57069e-01		1.165670	0.159529
0.0210	1.03772e+00	6.93712e-02	1.25557e+00	6.69270e-01		0.432601	-0.253642
0.0220	1.03284e+00	6.44419e-02	1.28272e+00	6.60032e-01		-1.345598	0.438279
0.0230	1.04277e+00	7.34415e-02	1.23299e+00	6.79161e-01		-0.128046	-1.481870
0.0240	1.02742e+00	8.13447e-02	1.22750e+00	6.16151e-01		-0.256545	1.007848
0.0250	1.04000e+00	7.90468e-02	1.21939e+00	6.61307e-01		-0.154096	0.773293
0.0260	1.04959e+00	7.46885e-02	1.21703e+00	6.98028e-01		-0.669754	0.323677
0.0270	1.05753e+00	7.76472e-02	1.19439e+00	7.14799e-01		0.492402	-0.431270
0.0280	1.04848e+00	7.28704e-02	1.22450e+00	6.98033e-01		-0.183693	0.410634
0.0290	1.05395e+00	6.99521e-02	1.22236e+00	7.19800e-01		1.158285	-0.366972
0.0300	1.04136e+00	5.83751e-02	1.28747e+00	7.05233e-01		0.228117	-1.671227
0.0310	1.02569e+00	6.41489e-02	1.29613e+00	6.31269e-01		-0.731905	-0.909553
0.0320	1.01966e+00	7.24775e-02	1.26878e+00	5.95656e-01		0.552110	0.014759
0.0330	1.01836e+00	6.51417e-02	1.30162e+00	5.97662e-01		0.202851	0.279480
0.0340	1.02041e+00	6.11925e-02	1.31720e+00	6.12044e-01		0.193271	0.177977
0.0350	1.02138e+00	5.76583e-02	1.33255e+00	6.22037e-01		-0.071403	-0.101425
0.0360	1.02066e+00	5.72123e-02	1.33589e+00	6.19282e-01		-0.733193	0.654558
0.0370	1.02795e+00	6.01550e-02	1.30949e+00	6.47803e-01		-0.262882	0.877871
0.0380	1.03647e+00	5.76799e-02	1.30175e+00	6.88390e-01		0.901905	0.319335
0.0390	1.03456e+00	4.68613e-02	1.35192e+00	7.09530e-01		-1.126350	-0.576387
0.0400	1.03596e+00	5.58148e-02	1.31039e+00	6.90824e-01		-0.108290	-0.591856
0.0410	1.03160e+00	5.79974e-02	1.31141e+00	6.67804e-01		-1.033224	0.582299
0.0420	1.04083e+00	6.26608e-02	1.27330e+00	6.93487e-01		-0.285366	0.114098
0.0430	1.04336e+00	6.28053e-02	1.26725e+00	7.02000e-01		0.696062	-0.682385
0.0440	1.03282e+00	5.85524e-02	1.30646e+00	6.71695e-01		-0.270916	-0.075653
0.0450	1.03329e+00	5.96231e-02	1.30106e+00	6.71345e-01		1.182593	-0.544533
0.0460	1.02315e+00	5.02488e-02	1.36642e+00	6.45282e-01		-0.598249	0.766704
0.0470	1.03049e+00	5.09519e-02	1.34506e+00	6.79585e-01		-0.177262	-0.783507
0.0480	1.02538e+00	5.41202e-02	1.34216e+00	6.48043e-01		0.681262	0.956553
0.0490	1.03045e+00	4.42111e-02	1.37713e+00	6.98852e-01		-0.408787	0.015891
0.0500	1.03221e+00	4.54351e-02	1.36568e+00	7.03374e-01		0.964797	0.211597
0.0510	1.02925e+00	3.67451e-02	1.41947e+00	7.19708e-01		-1.183906	0.345663
0.0520	1.03587e+00	4.04068e-02	1.37590e+00	7.37329e-01		0.622550	-0.173075
0.0530	1.03167e+00	3.61384e-02	1.41256e+00	7.34656e-01		-0.491601	-0.671172
0.0540	1.03028e+00	4.03850e-02	1.39667e+00	7.11091e-01		-0.801344	0.442656
0.0550	1.03619e+00	4.19239e-02	1.36807e+00	7.33179e-01		-0.436541	0.759303
0.0560	1.04297e+00	3.92525e-02	1.35332e+00	7.70438e-01		0.928447	0.938598
0.0570	1.04267e+00	2.64499e-02	1.40026e+00	8.27459e-01		-0.011044	-1.503496
0.0580	1.03687e+00	3.36644e-02	1.40117e+00	7.69663e-01		-0.594873	-0.201180
0.0590	1.03892e+00	3.61111e-02	1.38190e+00	7.67513e-01		0.095326	0.747037
0.0600	1.04228e+00	2.99105e-02	1.39031e+00	8.08638e-01		0.458532	-0.894081
0.0610	1.03556e+00	3.14263e-02	1.41709e+00	7.74499e-01		0.531088	0.819062
0.0620	1.03660e+00	2.34249e-02	1.44530e+00	8.22393e-01		0.021241	0.221982
0.0630	1.03721e+00	2.05497e-02	1.45241e+00	8.42557e-01		-0.810906	0.554609
0.0640	1.04312e+00	1.82405e-02	1.42251e+00	8.75440e-01		0.595954	-0.695315
0.0650	1.03755e+00	1.84605e-02	1.45745e+00	8.57412e-01		0.135804	0.431158
0.0660	1.03795e+00	1.38462e-02	1.46871e+00	8.90778e-01		1.124249	-1.493810
0.0670	1.02881e+00	1.72573e-02	1.52609e+00	8.30896e-01		0.369859	-0.494592
0.0680	1.02604e+00	1.70282e-02	1.54994e+00	8.18329e-01		-0.221627	-0.787079
0.0690	1.02491e+00	1.93220e-02	1.54562e+00	7.93012e-01		-0.182614	-0.277101
0.0700	1.02476e+00	1.97641e-02	1.54401e+00	7.88659e-01		-0.455417	-0.454023
0.0710	1.02504e+00	2.16193e-02	1.53029e+00	7.76675e-01		-0.367408	-0.934345
0.0720	1.02341e+00	2.50367e-02	1.51877e+00	7.43212e-01		0.407583	-0.779097
0.0730	1.01924e+00	2.51801e-02	1.54307e+00	7.11645e-01		0.388206	-1.116202
0.0740	1.01415e+00	2.59754e-02	1.56419e+00	6.62906e-01		-0.402559	0.455109
0.0750	1.01661e+00	2.59009e-02	1.55206e+00	6.85571e-01		0.745064	1.099847
0.0760	1.01894e+00	1.98748e-02	1.58868e+00	7.45460e-01		-0.128424	0.477002
0.0770	1.02062e+00	1.82091e-02	1.58827e+00	7.72625e-01		0.543420	-0.269424
0.0780	1.01833e+00	1.67355e-02	1.62071e+00	7.67071e-01		-0.532193	-0.593507
0.0790	1.01827e+00	1.88005e-02	1.60330e+00	7.48371e-01		0.070166	0.479652
0.0800	1.01936e+00	1.66468e-02	1.61181e+00	7.76581e-01		-0.485653	-0.782729
0.0810	1.01881e+00	1.91513e-02	1.59583e+00	7.50139e-01		0.939314	0.571685
0.0820	1.01788e+00	1.43096e-02	1.64622e+00	7.87415e-01		-0.022278	-0.709038
0.0830	1.01648e+00	1.54057e-02	1.65084e+00	7.63099e-01		-0.752429	-0.078774
0.0840	1.01804e+00	1.65810e-02	1.62478e+00	7.65973e-01		-0.733547	0.322708
0.0850	1.02065e+00	1.67742e-02	1.59895e+00	7.85482e-01		0.641789	-0.621658
0.0860	1.01727e+00	1.61906e-02	1.63556e+00	7.62835e-01		0.416340	-0.003649
0.0870	1.01624e+00	1.45410e-02	1.66166e+00	7.69856e-01		0.316313	-1.137120
0.0880	1.01315e+00	1.58279e-02	1.67955e+00	7.23148e-01		1.170131	-1.347192
0.0890	1.00795e+00	1.51383e-02	1.73767e+00	6.56319e-01		-0.247987	-0.753062
0.0900	1.00660e+00	1.61181e-02	1.73156e+00	6.26329e-01		1.184473	0.025881
0.0910	1.00558e+00	1.30204e-02	1.79723e+00	6.30854e-01		0.323918	0.690996
0.0920	1.00659e+00	1.15841e-02	1.81674e+00	6.66520e-01		0.828257	-0.454668
0.0930	1.00508e+00	1.03407e-02	1.86286e+00	6.47041e-01		-0.085511	-0.516216
0.0940	1.00439e+00	1.05766e-02	1.86475e+00	6.26813e-01		0.469586	-1.480240
0.0950	1.00189e+00	1.05326e-02	1.88590e+00	5.58134e-01		-0.130131	1.363910
0.0960	1.00394e+00	1.01590e-02	1.88044e+00	6.19418e-01		-1.116794	-0.019538
0.0970	1.00452e+00	1.15383e-02	1.83957e+00	6.20740e-01		0.715135	0.458912
0.0980	1.00482e+00	9.82188e-03	1.87932e+00	6.46728e-01		-0.201678	-0.083564
0.0990	1.00484e+00	9.91597e-03	1.87665e+00	6.45994e-01		-0.437772	0.390706
0.1000	1.00568e+00	1.00220e-02	1.86308e+00	6.65596e-01		0.435665	-0.020319
0.1010	1.00530e+00	9.15843e-03	1.89002e+00	6.68400e-01		-0.148513	0.287359
0.1020	1.00578e+00	8.89518e-03	1.88931e+00	6.84776e-01		-0.825102	0.789429
0.1030	1.00744e+00	9.04287e-03	1.85816e+00	7.20472e-01		0.425793	1.581622
0.1040	1.00901e+00	6.54723e-03	1.87421e+00	8.01057e-01		0.167350	-0.127341
0.1050	1.00868e+00	6.17599e-03	1.88839e+00	8.04125e-01		0.364694	0.581265
0.1060	1.00874e+00	4.78060e-03	1.90973e+00	8.41444e-01		-0.400977	0.187885
0.1070	1.00936e+00	4.40744e-03	1.89781e+00	8.60612e-01		0.213524	-0.076247
0.1080	1.00903e+00	3.89077e-03	1.91400e+00	8.71093e-01		0.352535	-0.619553
0.1090	1.00824e+00	3.99033e-03	1.93667e+00	8.57017e-01		0.353671	-0.108234
0.1100	1.00776e+00	3.49835e-03	1.95957e+00	8.65776e-01		-0.004216	0.219048
0.1110	1.00787e+00	2.84858e-03	1.96489e+00	8.89960e-01		0.179976	0.021588
0.1120	1.00768e+00	2.26233e-03	1.97908e+00	9.09190e-01		0.497137	-0.342908
0.1130	1.00703e+00	1.91067e-03	2.00900e+00	9.15855e-01		0.826339	1.874054
