0.000000	0.0170	0.0409	0.1281
0.001000	-0.0090	0.0281	0.0881
0.002000	0.0383	-0.0277	-0.0870
0.003000	0.0698	-0.0463	-0.1449
0.004000	0.0462	-0.0168	-0.0529
0.005000	0.0519	-0.0052	-0.0162
0.006000	0.0565	-0.0103	-0.0323
0.007000	0.0282	0.0043	0.0136
0.008000	0.0074	0.0004	0.0012
0.009000	-0.0052	0.0314	0.0985
0.010000	0.0044	-0.0377	-0.1181
0.011000	0.0237	-0.0219	-0.0688
0.012000	0.0017	-0.0279	-0.0877
0.013000	0.0028	-0.0134	-0.0422
0.014000	-0.0107	0.0259	0.0812
0.015000	-0.0305	0.0370	0.1159
0.016000	-0.0130	0.0604	0.1885
0.017000	-0.0257	0.0313	0.0982
0.018000	0.0476	0.0510	0.1596
0.019000	0.0421	0.0411	0.1288
0.020000	0.0284	0.0288	0.0904
0.021000	0.0462	-0.0375	-0.1176
0.022000	0.0227	0.0379	0.1186
0.023000	0.0739	0.0384	0.1203
0.024000	0.0399	0.1047	0.3230
0.025000	0.0215	0.1161	0.3566
0.026000	-0.0449	0.1164	0.3575
0.027000	-0.0758	0.0729	0.2270
0.028000	-0.0829	0.0783	0.2435
0.029000	-0.0823	0.1205	0.3695
0.030000	-0.0680	0.0772	0.2403
0.031000	-0.0516	0.1255	0.3842
0.032000	-0.0601	0.1820	0.5412
0.033000	-0.0288	0.1549	0.4677
0.034000	-0.0290	0.1610	0.4844
0.035000	-0.0388	0.1219	0.3736
0.036000	-0.0321	0.0892	0.2767
0.037000	-0.0702	0.1601	0.4819
0.038000	-0.0380	0.1019	0.3146
0.039000	-0.0130	0.0916	0.2837
0.040000	0.0052	0.1114	0.3428
0.041000	0.0923	0.1747	0.5216
0.042000	0.1231	0.1522	0.4600
0.043000	0.1690	0.1408	0.4281
0.044000	0.2576	0.1042	0.3216
0.045000	0.2510	0.0690	0.2152
0.046000	0.2642	0.1519	0.4593
0.047000	0.2140	0.1638	0.4922
0.048000	0.1822	0.1951	0.5753
0.049000	0.1868	0.2260	0.6519
0.050000	0.1350	0.2877	0.7858
0.051000	0.1550	0.3074	0.8224
0.052000	0.1773	0.2909	0.7919
0.053000	0.1395	0.3087	0.8248
0.054000	0.1165	0.2649	0.7393
0.055000	0.0938	0.2783	0.7671
0.056000	0.1508	0.3440	0.8823
0.057000	0.1764	0.3687	0.9161
0.058000	0.1644	0.3333	0.8659
0.059000	0.2375	0.2852	0.7808
0.060000	0.2850	0.2676	0.7451
0.061000	0.3007	0.2292	0.6594
0.062000	0.3254	0.2331	0.6687
0.063000	0.3300	0.1909	0.5643
0.064000	0.2999	0.1253	0.3835
0.065000	0.3497	0.1356	0.4133
0.066000	0.3755	0.1783	0.5314
0.067000	0.3840	0.2042	0.5983
0.068000	0.4215	0.2196	0.6365
0.069000	0.4435	0.2611	0.7314
0.070000	0.4908	0.2668	0.7435
0.071000	0.5117	0.2806	0.7718
0.072000	0.4635	0.2736	0.7574
0.073000	0.4783	0.2639	0.7373
0.074000	0.4842	0.2265	0.6530
0.075000	0.5028	0.2426	0.6906
0.076000	0.5067	0.2034	0.5964
0.077000	0.4936	0.2370	0.6777
0.078000	0.5472	0.2217	0.6416
0.079000	0.6081	0.2373	0.6784
0.080000	0.6654	0.2475	0.7015
0.081000	0.6813	0.2651	0.7398
0.082000	0.6361	0.2433	0.6921
0.083000	0.6523	0.2497	0.7065
0.084000	0.6322	0.2595	0.7278
0.085000	0.6591	0.3077	0.8231
0.086000	0.6951	0.2869	0.7841
0.087000	0.6965	0.2550	0.7180
0.088000	0.6978	0.2070	0.6055
0.089000	0.7527	0.1651	0.4956
0.090000	0.7276	0.1581	0.4765
0.091000	0.7373	0.2181	0.6328
0.092000	0.7869	0.1815	0.5397
0.093000	0.7813	0.1522	0.4601
0.094000	0.7021	0.2110	0.6153
0.095000	0.7278	0.1841	0.5466
0.096000	0.7821	0.1502	0.4544
0.097000	0.7957	0.0990	0.3060
0.098000	0.7278	0.0687	0.2142
0.099000	0.7440	0.0547	0.1711
0.100000	0.7627	0.0803	0.2497
0.101000	0.8007	0.1092	0.3363
0.102000	0.7894	0.1464	0.4438
0.103000	0.8013	0.1286	0.3932
0.104000	0.8463	0.1221	0.3743
0.105000	0.9008	0.1667	0.5001
0.106000	0.9237	0.1401	0.4260
0.107000	0.9783	0.0735	0.2289
0.108000	0.9855	0.0452	0.1417
0.109000	0.9948	0.0579	0.1809
0.110000	1.0324	0.1031	0.3183
0.111000	1.0178	0.1162	0.3570
0.112000	1.0294	0.1318	0.4024
0.113000	1.0606	0.1427	0.4335
0.114000	1.1049	0.1290	0.3943
0.115000	1.1557	0.1334	0.4068
0.116000	1.1743	0.1359	0.4142
0.117000	1.1737	0.1215	0.3725
0.118000	1.1997	0.1150	0.3534
0.119000	1.1536	0.1206	0.3700
0.120000	1.1616	0.1057	0.3260
0.121000	1.1677	0.1215	0.3724
0.122000	1.2229	0.1393	0.4239
0.123000	1.2721	0.0825	0.2562
0.124000	1.3464	0.0788	0.2449
0.125000	1.3537	0.0563	0.1758
0.126000	1.3832	0.0664	0.2070
0.127000	1.4600	0.0113	0.0356
0.128000	1.4931	0.0459	0.1436
0.129000	1.5131	0.0740	0.2305
0.130000	1.5421	0.1158	0.3558
0.131000	1.5251	0.1016	0.3138
0.132000	1.5201	0.0723	0.2251
0.133000	1.5467	0.0629	0.1963
0.134000	1.5471	0.0278	0.0873
0.135000	1.5781	0.0653	0.2036
0.136000	1.5792	-0.0132	-0.0415
0.137000	1.6165	-0.0197	-0.0618
0.138000	1.6097	-0.0205	-0.0643
0.139000	1.6163	0.0142	0.0447
0.140000	1.5928	0.0096	0.0300
0.141000	1.6585	0.0360	0.1128
0.142000	1.6298	0.0850	0.2637
0.143000	1.6501	0.1842	0.5469
0.144000	1.7047	0.1353	0.4123
0.145000	1.7430	0.1602	0.4822
0.146000	1.7567	0.0974	0.3012
0.147000	1.7078	0.0978	0.3025
0.148000	1.6864	0.0780	0.2426
0.149000	1.6530	0.0522	0.1632
0.150000	1.6979	0.1348	0.4110
0.151000	1.6808	0.0829	0.2575
0.152000	1.6704	0.0328	0.1027
0.153000	1.6434	0.0256	0.0803
0.154000	1.6508	-0.0146	-0.0458
0.155000	1.6428	-0.0309	-0.0968
0.156000	1.6577	-0.0409	-0.1281
0.157000	1.6414	-0.0804	-0.2500
0.158000	1.6326	-0.0295	-0.0925
0.159000	1.6586	-0.0688	-0.2144
0.160000	1.6965	-0.1075	-0.3313
0.161000	1.7795	-0.0906	-0.2809
0.162000	1.8482	-0.0920	-0.2850
0.163000	1.8100	-0.1016	-0.3137
0.164000	1.8031	-0.0748	-0.2328
0.165000	1.8386	-0.0655	-0.2045
0.166000	1.8123	-0.0455	-0.1423
0.167000	1.8263	-0.0486	-0.1521
0.168000	1.7742	-0.0183	-0.0576
0.169000	1.8435	-0.0195	-0.0611
0.170000	1.8595	-0.0124	-0.0389
0.171000	1.8955	-0.0693	-0.2161
0.172000	1.8789	-0.0472	-0.1478
0.173000	1.9077	-0.0584	-0.1825
0.174000	1.8419	0.0371	0.1162
0.175000	1.8258	0.0914	0.2833
0.176000	1.8078	0.1213	0.3720
0.177000	1.8379	0.0670	0.2088
0.178000	1.8705	0.0820	0.2547
0.179000	1.8674	0.0839	0.2605
0.180000	1.9071	0.1134	0.3486
0.181000	1.9190	0.0906	0.2807
0.182000	1.9058	0.1052	0.3244
0.183000	1.8753	0.0717	0.2232
0.184000	1.9245	0.0119	0.0374
0.185000	1.8869	-0.0287	-0.0900
0.186000	1.9031	-0.0103	-0.0322
0.187000	1.9346	-0.0536	-0.1677
0.188000	1.9969	-0.0957	-0.2961
0.189000	2.0142	-0.0607	-0.1895
0.190000	2.0182	-0.1171	-0.3597
0.191000	2.0154	-0.0621	-0.1940
0.192000	1.9729	-0.0564	-0.1764
0.193000	1.9696	-0.0383	-0.1200
0.194000	1.9771	-0.0576	-0.1801
0.195000	1.9641	-0.0595	-0.1858
0.196000	1.9689	-0.0985	-0.3045
0.197000	2.0221	-0.0661	-0.2063
0.198000	2.0366	-0.0506	-0.1582
0.199000	2.0515	0.0469	0.1468
0.200000	2.0439	0.0150	0.0470
0.201000	2.1074	-0.0335	-0.1049
0.202000	2.1529	-0.0494	-0.1546
0.203000	2.1914	-0.1128	-0.3470
0.204000	2.2082	-0.1072	-0.3304
0.205000	2.1963	-0.1507	-0.4561
0.206000	2.1391	-0.1138	-0.3498
0.207000	2.1402	-0.0909	-0.2817
0.208000	2.1282	-0.0862	-0.2674
0.209000	2.1301	-0.1050	-0.3238
0.210000	2.1662	-0.0992	-0.3068
0.211000	2.1764	-0.1075	-0.3314
0.212000	2.1521	-0.0843	-0.2616
0.213000	2.1905	-0.0558	-0.1743
0.214000	2.1522	-0.0601	-0.1878
0.215000	2.1253	-0.0489	-0.1531
0.216000	2.1171	-0.0296	-0.0928
0.217000	2.1215	-0.0092	-0.0288
0.218000	2.1329	0.0067	0.0211
0.219000	2.1218	-0.0374	-0.1171
0.220000	2.1276	-0.0563	-0.1759
0.221000	2.1518	-0.0559	-0.1748
0.222000	2.1540	-0.0723	-0.2252
0.223000	2.2096	-0.0996	-0.3079
0.224000	2.1849	-0.1351	-0.4119
0.225000	2.1877	-0.1828	-0.5432
0.226000	2.2250	-0.1262	-0.3861
0.227000	2.1718	-0.1187	-0.3644
0.228000	2.1951	-0.0895	-0.2773
0.229000	2.1912	-0.1399	-0.4255
0.230000	2.1862	-0.1255	-0.3842
0.231000	2.2208	-0.1442	-0.4376
0.232000	2.2162	-0.1705	-0.5104
0.233000	2.2521	-0.1899	-0.5619
0.234000	2.2370	-0.1390	-0.4230
0.235000	2.2811	-0.2328	-0.6679
0.236000	2.2750	-0.2207	-0.6392
0.237000	2.3176	-0.1929	-0.5695
0.238000	2.3720	-0.1516	-0.4584
0.239000	2.3995	-0.1494	-0.4523
0.240000	2.4192	-0.1633	-0.4907
0.241000	2.4535	-0.2058	-0.6024
0.242000	2.4772	-0.2269	-0.6539
0.243000	2.5251	-0.2113	-0.6162
0.244000	2.5479	-0.2101	-0.6132
0.245000	2.5580	-0.1637	-0.4918
0.246000	2.5575	-0.1268	-0.3879
0.247000	2.5394	-0.0793	-0.2467
0.248000	2.5289	-0.0847	-0.2630
0.249000	2.5224	-0.0530	-0.1659
0.250000	2.5046	-0.0776	-0.2414
0.251000	2.5005	-0.1052	-0.3245
0.252000	2.5055	-0.0742	-0.2310
0.253000	2.5749	-0.0572	-0.1787
0.254000	2.5459	-0.0717	-0.2234
0.255000	2.5569	-0.0378	-0.1185
0.256000	2.5756	-0.0176	-0.0551
0.257000	2.5870	-0.0042	-0.0131
0.258000	2.6349	-0.0093	-0.0292
0.259000	2.6699	0.0088	0.0278
0.260000	2.6631	0.0639	0.1993
0.261000	2.7121	0.0901	0.2793
0.262000	2.7113	0.0386	0.1210
0.263000	2.6684	0.0126	0.0397
0.264000	2.6074	-0.0147	-0.0461
0.265000	2.5839	0.0206	0.0647
0.266000	2.5974	0.0383	0.1199
0.267000	2.6569	0.0364	0.1141
0.268000	2.6602	0.0025	0.0079
0.269000	2.6987	-0.0113	-0.0355
0.270000	2.6490	-0.0663	-0.2067
0.271000	2.6517	-0.0312	-0.0980
0.272000	2.6361	-0.0399	-0.1252
0.273000	2.6543	-0.0359	-0.1126
0.274000	2.6844	0.0337	0.1056
0.275000	2.7020	0.0147	0.0461
0.276000	2.7040	-0.0075	-0.0235
0.277000	2.6661	0.0059	0.0184
0.278000	2.6217	0.0275	0.0863
0.279000	2.6491	0.0734	0.2284
0.280000	2.6410	0.0667	0.2079
0.281000	2.6672	0.0505	0.1581
0.282000	2.6683	-0.0095	-0.0297
0.283000	2.6517	-0.0223	-0.0700
0.284000	2.6705	-0.0572	-0.1788
0.285000	2.6852	-0.0928	-0.2875
0.286000	2.6601	-0.0672	-0.2097
0.287000	2.6769	-0.0595	-0.1860
0.288000	2.6569	-0.0906	-0.2807
0.289000	2.6689	-0.0877	-0.2721
0.290000	2.6449	-0.0888	-0.2753
0.291000	2.6991	-0.0740	-0.2302
0.292000	2.7129	-0.0904	-0.2802
0.293000	2.7290	-0.1503	-0.4549
0.294000	2.7424	-0.1446	-0.4387
0.295000	2.7121	-0.1715	-0.5132
0.296000	2.7255	-0.2506	-0.7084
0.297000	2.7486	-0.2210	-0.6399
0.298000	2.7543	-0.2383	-0.6807
0.299000	2.7183	-0.2677	-0.7453
0.300000	2.7368	-0.2527	-0.7131
0.301000	2.7782	-0.2234	-0.6455
0.302000	2.7430	-0.2107	-0.6146
0.303000	2.6725	-0.2296	-0.6604
0.304000	2.7048	-0.2307	-0.6631
0.305000	2.7094	-0.2514	-0.7101
0.306000	2.6612	-0.2952	-0.8000
0.307000	2.6550	-0.2728	-0.7558
0.308000	2.6528	-0.2766	-0.7636
0.309000	2.6306	-0.2687	-0.7473
0.310000	2.6457	-0.2368	-0.6772
0.311000	2.6551	-0.2286	-0.6579
0.312000	2.6756	-0.2372	-0.6782
0.313000	2.7385	-0.2228	-0.6443
0.314000	2.7556	-0.1845	-0.5478
0.315000	2.7440	-0.1459	-0.4425
0.316000	2.7496	-0.1468	-0.4451
0.317000	2.7976	-0.1683	-0.5043
0.318000	2.7763	-0.1014	-0.3133
0.319000	2.8984	-0.1553	-0.4686
0.320000	2.8534	-0.1411	-0.4288
0.321000	2.8567	-0.1307	-0.3991
0.322000	2.8861	-0.1222	-0.3745
0.323000	2.8952	-0.1088	-0.3352
0.324000	2.9016	-0.0787	-0.2448
0.325000	2.8697	-0.0708	-0.2205
0.326000	2.8514	0.0007	0.0021
0.327000	2.8452	0.0207	0.0649
0.328000	2.8693	0.1054	0.3251
0.329000	2.9239	0.1109	0.3414
0.330000	2.8918	0.0359	0.1125
0.331000	2.8485	-0.0179	-0.0563
0.332000	2.8570	-0.0545	-0.1703
0.333000	2.8660	-0.0365	-0.1143
0.334000	2.8673	-0.0756	-0.2351
0.335000	2.8441	-0.0093	-0.0294
0.336000	2.8602	-0.0103	-0.0323
0.337000	2.8306	-0.0387	-0.1212
0.338000	2.8750	-0.0601	-0.1876
0.339000	2.8922	-0.0686	-0.2139
0.340000	2.9216	-0.0212	-0.0664
0.341000	2.8592	0.0121	0.0381
0.342000	2.8908	0.0119	0.0375
0.343000	2.9161	0.0087	0.0272
0.344000	2.9158	0.0333	0.1045
0.345000	2.9457	0.0146	0.0458
0.346000	2.9014	0.0185	0.0580
0.347000	2.8550	0.0297	0.0930
0.348000	2.8477	0.0056	0.0177
0.349000	2.8944	0.0106	0.0333
0.350000	2.9749	-0.0127	-0.0399
0.351000	3.0167	0.0632	0.1973
0.352000	3.0235	0.0041	0.0128
0.353000	3.0395	0.0100	0.0313
0.354000	3.0857	0.0256	0.0802
0.355000	3.1418	-0.0087	-0.0273
0.356000	3.2066	-0.0295	-0.0924
0.357000	3.2410	-0.0093	-0.0293
0.358000	3.3099	-0.0208	-0.0652
0.359000	3.3473	-0.0122	-0.0384
0.360000	3.4055	0.0049	0.0155
0.361000	3.3864	-0.0814	-0.2530
0.362000	3.4165	-0.0905	-0.2806
0.363000	3.4058	-0.1101	-0.3391
0.364000	3.4700	-0.0926	-0.2869
0.365000	3.4575	-0.0924	-0.2862
0.366000	3.4150	-0.0291	-0.0914
0.367000	3.4403	0.0195	0.0614
0.368000	3.4706	0.0534	0.1670
0.369000	3.4493	0.0438	0.1372
0.370000	3.4979	0.0292	0.0916
0.371000	3.5290	0.0324	0.1016
0.372000	3.5416	0.0412	0.1290
0.373000	3.5097	0.0386	0.1210
0.374000	3.5355	0.0524	0.1638
0.375000	3.5734	0.0211	0.0661
0.376000	3.6013	0.0423	0.1325
0.377000	3.6483	0.0796	0.2473
0.378000	3.6577	0.0977	0.3021
0.379000	3.6868	0.1647	0.4946
0.380000	3.7180	0.2248	0.6490
0.381000	3.7320	0.1699	0.5087
0.382000	3.7441	0.1757	0.5244
0.383000	3.7509	0.1797	0.5351
0.384000	3.7370	0.1760	0.5252
0.385000	3.7686	0.2018	0.5924
0.386000	3.7107	0.1794	0.5342
0.387000	3.6965	0.2032	0.5960
0.388000	3.7283	0.2727	0.7556
0.389000	3.6909	0.2313	0.6645
0.390000	3.7026	0.2128	0.6198
0.391000	3.7259	0.2393	0.6829
0.392000	3.7177	0.2091	0.6106
0.393000	3.7393	0.1824	0.5420
0.394000	3.7618	0.1849	0.5488
0.395000	3.7568	0.1327	0.4050
0.396000	3.7579	0.2177	0.6319
0.397000	3.7888	0.2353	0.6737
0.398000	3.8052	0.2064	0.6038
0.399000	3.8514	0.2150	0.6253
0.400000	3.8447	0.2015	0.5917
0.401000	3.8264	0.1991	0.5856
0.402000	3.8444	0.1737	0.5190
0.403000	3.8615	0.1002	0.3097
0.404000	3.8887	0.1113	0.3425
0.405000	3.8975	0.0867	0.2692
0.406000	3.9108	0.1215	0.3726
0.407000	3.9302	0.1582	0.4767
0.408000	3.9821	0.1532	0.4629
0.409000	3.9407	0.1260	0.3856
0.410000	3.9881	0.1282	0.3918
0.411000	3.9845	0.0960	0.2970
0.412000	3.9813	0.0788	0.2449
0.413000	3.9859	0.0751	0.2337
0.414000	4.0159	0.1195	0.3665
0.415000	4.0096	0.0559	0.1748
0.416000	4.0645	0.0992	0.3066
0.417000	4.0288	0.1205	0.3696
0.418000	4.0067	0.1799	0.5355
0.419000	4.0212	0.1136	0.3493
0.420000	4.0236	0.0569	0.1778
0.421000	4.0372	0.0734	0.2287
0.422000	4.0198	0.0743	0.2314
0.423000	4.0173	0.0369	0.1157
0.424000	4.0264	0.0233	0.0732
0.425000	4.0275	0.0179	0.0562
0.426000	4.0259	0.0083	0.0262
0.427000	4.0551	0.0327	0.1026
0.428000	4.1123	0.0267	0.0839
0.429000	4.1531	0.0174	0.0547
0.430000	4.2014	0.0047	0.0147
0.431000	4.1674	-0.0268	-0.0840
0.432000	4.1431	-0.0357	-0.1119
0.433000	4.1687	0.0396	0.1240
0.434000	4.1511	0.0226	0.0710
0.435000	4.1737	0.0377	0.1182
0.436000	4.2029	-0.0164	-0.0516
0.437000	4.2120	-0.0025	-0.0077
0.438000	4.2020	-0.0112	-0.0353
0.439000	4.2627	-0.0691	-0.2155
0.440000	4.2599	-0.0854	-0.2651
0.441000	4.3146	-0.0836	-0.2596
0.442000	4.3184	-0.0892	-0.2765
0.443000	4.3762	-0.0405	-0.1269
0.444000	4.3822	-0.0713	-0.2220
0.445000	4.3495	-0.0858	-0.2663
0.446000	4.3696	-0.0717	-0.2232
0.447000	4.4145	-0.0545	-0.1705
0.448000	4.4033	-0.0189	-0.0593
0.449000	4.4574	0.0266	0.0834
0.450000	4.4480	0.0424	0.1327
0.451000	4.4236	0.1016	0.3138
0.452000	4.4368	0.0823	0.2557
0.453000	4.5008	0.1216	0.3727
0.454000	4.5126	0.0918	0.2844
0.455000	4.5125	0.1355	0.4130
0.456000	4.4936	0.1272	0.3892
0.457000	4.5201	0.1807	0.5376
0.458000	4.5069	0.2110	0.6155
0.459000	4.5059	0.2045	0.5992
0.460000	4.5638	0.1705	0.5104
0.461000	4.5812	0.1387	0.4221
0.462000	4.6188	0.1317	0.4020
0.463000	4.6263	0.1598	0.4813
0.464000	4.6549	0.1434	0.4354
0.465000	4.6837	0.1719	0.5141
0.466000	4.7230	0.1358	0.4138
0.467000	4.7019	0.0966	0.2988
0.468000	4.7296	0.1079	0.3324
0.469000	4.7305	0.0710	0.2212
0.470000	4.7720	0.0866	0.2686
0.471000	4.7797	0.0420	0.1315
0.472000	4.7714	0.1020	0.3150
0.473000	4.7690	0.0810	0.2519
0.474000	4.8175	0.1054	0.3252
0.475000	4.8335	0.1009	0.3118
0.476000	4.8586	0.0952	0.2947
0.477000	4.9230	0.0527	0.1649
0.478000	4.8804	0.0075	0.0236
0.479000	4.8744	-0.0523	-0.1635
0.480000	4.8794	-0.0702	-0.2188
0.481000	4.8978	-0.0604	-0.1886
0.482000	4.8987	-0.0546	-0.1707
0.483000	4.8849	-0.0141	-0.0442
0.484000	4.8912	-0.0158	-0.0497
0.485000	4.8590	-0.0242	-0.0760
0.486000	4.8857	-0.0037	-0.0116
0.487000	4.9189	-0.0449	-0.1406
0.488000	4.9364	-0.0913	-0.2830
0.489000	4.9485	-0.1169	-0.3589
0.490000	4.9649	-0.1126	-0.3465
0.491000	4.9821	-0.1064	-0.3281
0.492000	4.9942	-0.1386	-0.4218
0.493000	4.9695	-0.1055	-0.3255
0.494000	4.9574	-0.1234	-0.3781
0.495000	5.0048	-0.1829	-0.5435
0.496000	5.0131	-0.1692	-0.5069
0.497000	5.0681	-0.2406	-0.6859
0.498000	5.1209	-0.2383	-0.6807
0.499000	5.0687	-0.2594	-0.7276
0.500000	5.1676	-0.2950	-0.7996
0.501000	5.1798	-0.2785	-0.7676
0.502000	5.1598	-0.2489	-0.7046
0.503000	5.1972	-0.2002	-0.5884
0.504000	5.2057	-0.1715	-0.5132
0.505000	5.2426	-0.1543	-0.4661
0.506000	5.2483	-0.1225	-0.3755
0.507000	5.2856	-0.1210	-0.3709
0.508000	5.2756	-0.1142	-0.3512
0.509000	5.2774	-0.0842	-0.2615
0.510000	5.2866	-0.1032	-0.3185
0.511000	5.3523	-0.1379	-0.4199
0.512000	5.3520	-0.1010	-0.3121
0.513000	5.3268	-0.1050	-0.3239
0.514000	5.3202	-0.0656	-0.2048
0.515000	5.3429	-0.0879	-0.2727
0.516000	5.3278	-0.0990	-0.3059
0.517000	5.3937	-0.1097	-0.3380
0.518000	5.3888	-0.1149	-0.3530
0.519000	5.4092	-0.1247	-0.3818
0.520000	5.4189	-0.1175	-0.3609
0.521000	5.4244	-0.1285	-0.3928
0.522000	5.4285	-0.1099	-0.3385
0.523000	5.4242	-0.1114	-0.3428
0.524000	5.3775	-0.1081	-0.3332
0.525000	5.3773	-0.0974	-0.3014
0.526000	5.3541	-0.0533	-0.1665
0.527000	5.3740	-0.0714	-0.2225
0.528000	5.4184	-0.0552	-0.1725
0.529000	5.3832	-0.0699	-0.2179
0.530000	5.4191	-0.0562	-0.1756
0.531000	5.4541	-0.0176	-0.0553
0.532000	5.4931	-0.0111	-0.0348
0.533000	5.5140	-0.0173	-0.0544
0.534000	5.5510	-0.0782	-0.2433
0.535000	5.5493	-0.0279	-0.0876
0.536000	5.5996	0.0182	0.0573
0.537000	5.6042	-0.0423	-0.1325
0.538000	5.6194	-0.0395	-0.1238
0.539000	5.6129	-0.0295	-0.0925
0.540000	5.6415	-0.0207	-0.0649
0.541000	5.6690	0.0309	0.0969
0.542000	5.6558	0.0546	0.1708
0.543000	5.7096	0.0256	0.0804
0.544000	5.7483	0.0305	0.0957
0.545000	5.7630	0.0240	0.0754
0.546000	5.7788	-0.0032	-0.0100
0.547000	5.7731	-0.0447	-0.1400
0.548000	5.7455	-0.0505	-0.1579
0.549000	5.7715	-0.0790	-0.2456
0.550000	5.7568	-0.0833	-0.2588
0.551000	5.7583	-0.0566	-0.1769
0.552000	5.7418	-0.0084	-0.0265
0.553000	5.7245	0.0293	0.0918
0.554000	5.7559	0.0512	0.1603
0.555000	5.7542	-0.0321	-0.1008
0.556000	5.7996	-0.0658	-0.2052
0.557000	5.7689	-0.0785	-0.2443
0.558000	5.8025	-0.0733	-0.2284
0.559000	5.8261	-0.0447	-0.1401
0.560000	5.8730	-0.0296	-0.0928
0.561000	5.8673	-0.0029	-0.0092
0.562000	5.8822	0.0128	0.0403
0.563000	5.8927	0.0681	0.2123
0.564000	5.8845	0.0427	0.1338
0.565000	5.8555	0.0049	0.0154
0.566000	5.8472	0.0820	0.2547
0.567000	5.8447	0.1364	0.4154
0.568000	5.8604	0.0936	0.2897
0.569000	5.8439	0.0802	0.2492
0.570000	5.8011	0.0719	0.2238
0.571000	5.7887	0.0658	0.2054
0.572000	5.7825	0.0622	0.1942
0.573000	5.7821	0.0570	0.1782
0.574000	5.7789	0.0395	0.1237
0.575000	5.7797	0.0022	0.0068
0.576000	5.8619	0.0313	0.0981
0.577000	5.8700	0.0368	0.1152
0.578000	5.9417	0.0737	0.2296
0.579000	5.9830	0.0564	0.1762
0.580000	5.9918	0.1102	0.3392
0.581000	5.9853	0.1448	0.4394
0.582000	5.9737	0.1412	0.4293
0.583000	5.9733	0.1346	0.4104
0.584000	5.9932	0.1329	0.4056
0.585000	5.9999	0.1185	0.3638
0.586000	5.9980	0.0979	0.3028
0.587000	5.9534	0.0754	0.2346
0.588000	5.9497	0.0761	0.2369
0.589000	5.8991	0.0749	0.2333
0.590000	5.9075	0.1126	0.3465
0.591000	5.9286	0.1059	0.3264
0.592000	5.9740	0.0856	0.2656
0.593000	5.9792	0.0829	0.2575
0.594000	6.0077	0.0868	0.2694
0.595000	6.0050	0.0520	0.1625
0.596000	6.0169	0.0209	0.0656
0.597000	6.0279	0.0003	0.0010
0.598000	6.0582	0.0339	0.1062
0.599000	6.0773	0.0534	0.1671
0.600000	6.0754	0.0060	0.0189
0.601000	6.1489	0.0487	0.1524
0.602000	6.1887	0.0273	0.0855
0.603000	6.1441	-0.0126	-0.0396
0.604000	6.1515	0.0625	0.1950
0.605000	6.1954	0.0660	0.2058
0.606000	6.2400	0.0519	0.1622
0.607000	6.2289	-0.0476	-0.1490
0.608000	6.2698	0.0191	0.0600
0.609000	6.2114	0.0058	0.0181
0.610000	6.2075	-0.0057	-0.0179
0.611000	6.1752	0.0173	0.0544
0.612000	6.2001	-0.0175	-0.0549
0.613000	6.2032	-0.0152	-0.0478
0.614000	6.1924	0.0036	0.0112
0.615000	6.2148	-0.0546	-0.1707
0.616000	6.2285	-0.0507	-0.1587
0.617000	6.2402	-0.0806	-0.2506
0.618000	6.2538	-0.0870	-0.2698
0.619000	6.3202	-0.1025	-0.3165
0.620000	6.3334	-0.0809	-0.2513
0.621000	6.3163	-0.1224	-0.3751
0.622000	6.3483	-0.1636	-0.4916
0.623000	6.3157	-0.0823	-0.2556
0.624000	6.3035	-0.0615	-0.1921
0.625000	6.3242	-0.0476	-0.1490
0.626000	6.3474	-0.0580	-0.1813
0.627000	6.3598	-0.0584	-0.1825
0.628000	6.3521	-0.0360	-0.1128
0.629000	6.3358	-0.0883	-0.2739
0.630000	6.3425	-0.0776	-0.2414
0.631000	6.3124	-0.0712	-0.2219
0.632000	6.3374	-0.1105	-0.3401
0.633000	6.3780	-0.1007	-0.3112
0.634000	6.3826	-0.0710	-0.2213
0.635000	6.3883	-0.0821	-0.2549
0.636000	6.4219	-0.0913	-0.2830
0.637000	6.4599	-0.0392	-0.1228
0.638000	6.4767	-0.0393	-0.1233
0.639000	6.4416	-0.0319	-0.1002
0.640000	6.4744	-0.0781	-0.2430
0.641000	6.4681	-0.1093	-0.3366
0.642000	6.4668	-0.1075	-0.3315
0.643000	6.5049	-0.1239	-0.3794
0.644000	6.5207	-0.1386	-0.4219
0.645000	6.5443	-0.1934	-0.5709
0.646000	6.5142	-0.1931	-0.5700
0.647000	6.5380	-0.1803	-0.5366
0.648000	6.5262	-0.2075	-0.6067
0.649000	6.4470	-0.2047	-0.5997
0.650000	6.4327	-0.1660	-0.4982
0.651000	6.4595	-0.1558	-0.4701
0.652000	6.4302	-0.1861	-0.5519
0.653000	6.4272	-0.2064	-0.6039
0.654000	6.3969	-0.1940	-0.5723
0.655000	6.3981	-0.2369	-0.6774
0.656000	6.3449	-0.2175	-0.6312
0.657000	6.2996	-0.2208	-0.6393
0.658000	6.2980	-0.2102	-0.6133
0.659000	6.2924	-0.2195	-0.6362
0.660000	6.3282	-0.1934	-0.5709
0.661000	6.2792	-0.1380	-0.4201
0.662000	6.2730	-0.1633	-0.4908
0.663000	6.2973	-0.1407	-0.4279
0.664000	6.2822	-0.1289	-0.3941
0.665000	6.2994	-0.1361	-0.4147
0.666000	6.2501	-0.0952	-0.2948
0.667000	6.2276	-0.1050	-0.3239
0.668000	6.2570	-0.0837	-0.2600
0.669000	6.3195	-0.1286	-0.3931
0.670000	6.3497	-0.1657	-0.4973
0.671000	6.3390	-0.1456	-0.4416
0.672000	6.3203	-0.1589	-0.4787
0.673000	6.3302	-0.1716	-0.5134
0.674000	6.3164	-0.1756	-0.5241
0.675000	6.2803	-0.1509	-0.4565
0.676000	6.2862	-0.1337	-0.4077
0.677000	6.2387	-0.1191	-0.3655
0.678000	6.2873	-0.0813	-0.2526
0.679000	6.2861	-0.0230	-0.0723
0.680000	6.2796	-0.0156	-0.0490
0.681000	6.3383	-0.0631	-0.1970
0.682000	6.3727	-0.0518	-0.1619
0.683000	6.4374	0.0091	0.0286
0.684000	6.4256	0.0572	0.1786
0.685000	6.4540	0.0985	0.3046
0.686000	6.4790	0.1530	0.4623
0.687000	6.4795	0.1295	0.3957
0.688000	6.4872	0.1607	0.4836
0.689000	6.5380	0.1898	0.5615
0.690000	6.5450	0.1720	0.5144
0.691000	6.5352	0.1398	0.4253
0.692000	6.5213	0.0996	0.3077
0.693000	6.5295	0.0778	0.2421
0.694000	6.5701	0.0636	0.1984
0.695000	6.5936	0.0326	0.1024
0.696000	6.6675	0.0573	0.1791
0.697000	6.6761	-0.0115	-0.0360
0.698000	6.6640	0.0725	0.2258
0.699000	6.6954	0.0229	0.0719
0.700000	6.7233	0.0803	0.2495
0.701000	6.7510	0.0799	0.2484
0.702000	6.7830	0.0768	0.2388
0.703000	6.8412	0.0542	0.1693
0.704000	6.8226	0.0812	0.2524
0.705000	6.8943	0.0848	0.2632
0.706000	6.8609	0.0847	0.2631
0.707000	6.9103	0.0517	0.1618
0.708000	6.9339	0.0405	0.1268
0.709000	7.0118	0.0484	0.1515
0.710000	7.0111	0.0448	0.1403
0.711000	6.9893	0.0761	0.2369
0.712000	6.9800	0.0483	0.1513
0.713000	6.9787	0.0600	0.1875
0.714000	6.9926	0.0603	0.1884
0.715000	6.9733	0.0139	0.0436
0.716000	7.0235	0.0087	0.0274
0.717000	7.0530	-0.0420	-0.1315
0.718000	7.0476	-0.0476	-0.1490
0.719000	7.0089	-0.0425	-0.1330
0.720000	7.0108	-0.0459	-0.1436
0.721000	7.0091	-0.0497	-0.1555
0.722000	7.0252	-0.0888	-0.2754
0.723000	7.0806	-0.0537	-0.1679
0.724000	7.1200	-0.0821	-0.2552
0.725000	7.1426	-0.1154	-0.3548
0.726000	7.2077	-0.0568	-0.1774
0.727000	7.2444	-0.0302	-0.0948
0.728000	7.2717	-0.0009	-0.0029
0.729000	7.3065	-0.0452	-0.1416
0.730000	7.3264	-0.0683	-0.2130
0.731000	7.3164	-0.0590	-0.1842
0.732000	7.3333	-0.0629	-0.1965
0.733000	7.3159	-0.0865	-0.2684
0.734000	7.2755	-0.0883	-0.2739
0.735000	7.2609	-0.0362	-0.1136
0.736000	7.2648	-0.0759	-0.2361
0.737000	7.3089	-0.0951	-0.2944
0.738000	7.3071	-0.0347	-0.1089
0.739000	7.3397	-0.1011	-0.3124
0.740000	7.3110	-0.0899	-0.2787
0.741000	7.3051	-0.1042	-0.3215
0.742000	7.3044	-0.0839	-0.2607
0.743000	7.3205	-0.0865	-0.2685
0.744000	7.2948	-0.0280	-0.0879
0.745000	7.2969	-0.0404	-0.1267
0.746000	7.2822	-0.0740	-0.2304
0.747000	7.2653	-0.0859	-0.2666
0.748000	7.3100	-0.1136	-0.3493
0.749000	7.2892	-0.1159	-0.3561
0.750000	7.2737	-0.1339	-0.4083
0.751000	7.3121	-0.1363	-0.4152
0.752000	7.3203	-0.1265	-0.3870
0.753000	7.3375	-0.1480	-0.4484
0.754000	7.3256	-0.1616	-0.4861
0.755000	7.3425	-0.1683	-0.5043
0.756000	7.3467	-0.1786	-0.5322
0.757000	7.3614	-0.1681	-0.5038
0.758000	7.3764	-0.1736	-0.5187
0.759000	7.3443	-0.1323	-0.4037
0.760000	7.3110	-0.1807	-0.5376
0.761000	7.2968	-0.1301	-0.3975
0.762000	7.3232	-0.1590	-0.4789
0.763000	7.3058	-0.1145	-0.3521
0.764000	7.3146	-0.1021	-0.3152
0.765000	7.3676	-0.0972	-0.3006
0.766000	7.4123	-0.1346	-0.4104
0.767000	7.3737	-0.1803	-0.5365
0.768000	7.4305	-0.2144	-0.6237
0.769000	7.4701	-0.1499	-0.4536
0.770000	7.4874	-0.1619	-0.4869
0.771000	7.5658	-0.1501	-0.4542
0.772000	7.6050	-0.2270	-0.6542
0.773000	7.6712	-0.2128	-0.6199
0.774000	7.6805	-0.2023	-0.5936
0.775000	7.6733	-0.1407	-0.4276
0.776000	7.7187	-0.1431	-0.4347
0.777000	7.7290	-0.1563	-0.4714
0.778000	7.7666	-0.1717	-0.5136
0.779000	7.8056	-0.1643	-0.4935
0.780000	7.8055	-0.1602	-0.4822
0.781000	7.8410	-0.0975	-0.3016
0.782000	7.8454	-0.0748	-0.2328
0.783000	7.8573	-0.0122	-0.0383
0.784000	7.9001	-0.0584	-0.1825
0.785000	7.9160	-0.0354	-0.1109
0.786000	7.9593	0.0095	0.0298
0.787000	7.9787	0.0578	0.1807
0.788000	7.9525	0.0417	0.1306
0.789000	7.9195	0.0055	0.0173
0.790000	7.9305	-0.0025	-0.0080
0.791000	7.9339	-0.0090	-0.0282
0.792000	7.9417	-0.0347	-0.1090
0.793000	7.9892	-0.0247	-0.0777
0.794000	7.9625	0.0188	0.0590
0.795000	7.9741	0.0151	0.0474
0.796000	7.9959	0.0289	0.0905
0.797000	8.0127	0.0318	0.0998
0.798000	7.9649	0.0008	0.0025
0.799000	7.9703	0.0452	0.1415
0.800000	8.0003	0.0319	0.0999
0.801000	7.9976	0.0254	0.0796
0.802000	7.9816	0.0144	0.0453
0.803000	8.0038	0.0110	0.0345
0.804000	7.9954	-0.0016	-0.0050
0.805000	7.9492	-0.0540	-0.1689
0.806000	7.9847	-0.0651	-0.2032
0.807000	7.9846	-0.1145	-0.3520
0.808000	8.0085	-0.1298	-0.3965
0.809000	8.0257	-0.1398	-0.4251
0.810000	8.0062	-0.1456	-0.4416
0.811000	7.9818	-0.1073	-0.3308
0.812000	7.9903	-0.0901	-0.2793
0.813000	8.0151	-0.0370	-0.1161
0.814000	8.0242	-0.0163	-0.0513
0.815000	7.9917	0.0111	0.0350
0.816000	7.9810	-0.0081	-0.0255
0.817000	7.9713	0.0347	0.1087
0.818000	7.9559	0.0642	0.2002
0.819000	7.9574	0.1005	0.3106
0.820000	8.0455	0.1073	0.3306
0.821000	8.0009	0.1284	0.3924
0.822000	8.0371	0.0529	0.1655
0.823000	8.0042	0.0941	0.2912
0.824000	8.0364	0.1063	0.3278
0.825000	8.0364	0.0861	0.2671
0.826000	8.0816	0.1383	0.4210
0.827000	8.1007	0.1179	0.3620
0.828000	8.1141	0.1408	0.4281
0.829000	8.1262	0.0946	0.2928
0.830000	8.1265	0.0828	0.2571
0.831000	8.1462	0.0555	0.1733
0.832000	8.1399	0.0707	0.2204
0.833000	8.1911	0.0438	0.1373
0.834000	8.1541	0.0427	0.1336
0.835000	8.1644	0.0241	0.0755
0.836000	8.1641	0.0293	0.0919
0.837000	8.1254	0.0459	0.1437
0.838000	8.1423	-0.0375	-0.1176
0.839000	8.1655	0.0057	0.0180
0.840000	8.1556	-0.0044	-0.0139
0.841000	8.1934	-0.0075	-0.0237
0.842000	8.1888	0.0306	0.0961
0.843000	8.2177	0.0780	0.2426
0.844000	8.2266	0.0849	0.2635
0.845000	8.2243	0.0578	0.1807
0.846000	8.2643	0.1016	0.3137
0.847000	8.3291	0.1178	0.3618
0.848000	8.3281	0.1506	0.4558
0.849000	8.3293	0.1621	0.4876
0.850000	8.3402	0.2111	0.6156
0.851000	8.3190	0.2309	0.6634
0.852000	8.2955	0.2248	0.6489
0.853000	8.3250	0.1926	0.5689
0.854000	8.3196	0.2129	0.6201
0.855000	8.3452	0.1763	0.5260
0.856000	8.3250	0.1792	0.5338
0.857000	8.3087	0.1905	0.5633
0.858000	8.3624	0.1983	0.5833
0.859000	8.3691	0.2572	0.7230
0.860000	8.4130	0.2566	0.7217
0.861000	8.3988	0.2100	0.6129
0.862000	8.4172	0.1797	0.5350
0.863000	8.4346	0.1681	0.5040
0.864000	8.4704	0.1433	0.4352
0.865000	8.4716	0.1014	0.3132
0.866000	8.5370	0.1273	0.3893
0.867000	8.5033	0.1438	0.4365
0.868000	8.4717	0.1926	0.5688
0.869000	8.4807	0.1796	0.5347
0.870000	8.4662	0.2144	0.6237
0.871000	8.4543	0.2256	0.6508
0.872000	8.4909	0.2016	0.5918
0.873000	8.5097	0.1614	0.4856
0.874000	8.5215	0.1545	0.4665
0.875000	8.5379	0.1672	0.5013
0.876000	8.6165	0.1666	0.4999
0.877000	8.5912	0.1376	0.4188
0.878000	8.5729	0.1705	0.5103
0.879000	8.5939	0.1409	0.4284
0.880000	8.5644	0.1129	0.3474
0.881000	8.5294	0.1310	0.4000
0.882000	8.5255	0.1502	0.4544
0.883000	8.5902	0.1144	0.3517
0.884000	8.6676	0.0667	0.2082
0.885000	8.7039	0.0622	0.1941
0.886000	8.7329	0.0924	0.2862
0.887000	8.7554	0.0768	0.2388
0.888000	8.7701	0.0670	0.2088
0.889000	8.7517	0.0565	0.1767
0.890000	8.7586	0.0737	0.2293
0.891000	8.7247	0.0915	0.2834
0.892000	8.7419	0.0971	0.3003
0.893000	8.7621	0.1371	0.4175
0.894000	8.7683	0.1417	0.4307
0.895000	8.7445	0.1744	0.5209
0.896000	8.7641	0.1784	0.5316
0.897000	8.7633	0.1609	0.4842
0.898000	8.8169	0.1814	0.5396
0.899000	8.8741	0.1370	0.4172
0.900000	8.8383	0.1612	0.4851
0.901000	8.8360	0.1699	0.5088
0.902000	8.8410	0.1370	0.4172
0.903000	8.7585	0.1163	0.3574
0.904000	8.7504	0.1156	0.3552
0.905000	8.8079	0.1223	0.3748
0.906000	8.8425	0.1494	0.4523
0.907000	8.8765	0.1512	0.4574
0.908000	8.8478	0.1371	0.4175
0.909000	8.9298	0.0981	0.3033
0.910000	8.9437	0.1204	0.3692
0.911000	8.9422	0.1433	0.4352
0.912000	8.9525	0.1805	0.5370
0.913000	8.9364	0.1255	0.3843
0.914000	8.9196	0.0813	0.2527
0.915000	8.9317	0.0559	0.1746
0.916000	8.9098	0.0969	0.2997
0.917000	8.8786	0.0741	0.2306
0.918000	8.9125	0.0088	0.0277
0.919000	8.8869	-0.0059	-0.0185
0.920000	8.9022	-0.0162	-0.0507
0.921000	8.8876	0.0172	0.0539
0.922000	8.9752	-0.0560	-0.1749
0.923000	9.0519	-0.0056	-0.0176
0.924000	9.1086	-0.0370	-0.1161
0.925000	9.0985	-0.0390	-0.1222
0.926000	9.0704	-0.0252	-0.0792
0.927000	9.0576	0.0500	0.1563
0.928000	9.0893	0.0216	0.0678
0.929000	9.1106	-0.0571	-0.1783
0.930000	9.0846	-0.0838	-0.2602
0.931000	9.1234	-0.0657	-0.2049
0.932000	9.1536	-0.0450	-0.1408
0.933000	9.1743	-0.0221	-0.0693
0.934000	9.2086	-0.0329	-0.1033
0.935000	9.1648	0.0021	0.0065
0.936000	9.1993	0.0178	0.0558
0.937000	9.2027	0.0370	0.1159
0.938000	9.2276	0.0693	0.2161
0.939000	9.2515	0.0655	0.2043
0.940000	9.2568	0.0622	0.1941
0.941000	9.3116	0.0999	0.3087
0.942000	9.3584	0.0681	0.2124
0.943000	9.4340	0.0890	0.2760
0.944000	9.4724	0.0815	0.2531
0.945000	9.4573	0.1207	0.3702
0.946000	9.4782	0.1175	0.3608
0.947000	9.4731	0.1046	0.3227
0.948000	9.4965	0.1020	0.3151
0.949000	9.4790	0.1187	0.3644
0.950000	9.5168	0.1858	0.5512
0.951000	9.5706	0.2580	0.7246
0.952000	9.6293	0.2052	0.6008
0.953000	9.6309	0.2057	0.6022
0.954000	9.6560	0.1730	0.5171
0.955000	9.6824	0.1435	0.4358
0.956000	9.7442	0.1620	0.4873
0.957000	9.7514	0.2004	0.5887
0.958000	9.8088	0.1913	0.5654
0.959000	9.7998	0.2331	0.6686
0.960000	9.7981	0.2603	0.7296
0.961000	9.7686	0.3011	0.8111
0.962000	9.7735	0.2427	0.6908
0.963000	9.7759	0.2625	0.7344
0.964000	9.7317	0.2491	0.7052
0.965000	9.7599	0.2634	0.7362
0.966000	9.8125	0.3217	0.8472
0.967000	9.8091	0.3310	0.8623
0.968000	9.7896	0.3006	0.8102
0.969000	9.7743	0.2752	0.7608
0.970000	9.7759	0.3008	0.8104
0.971000	9.7816	0.2880	0.7863
0.972000	9.7442	0.2723	0.7549
0.973000	9.7097	0.2756	0.7616
0.974000	9.7082	0.3119	0.8305
0.975000	9.7092	0.3055	0.8190
0.976000	9.6653	0.3384	0.8738
0.977000	9.6789	0.3324	0.8645
0.978000	9.7164	0.3404	0.8770
0.979000	9.7454	0.3227	0.8488
0.980000	9.7691	0.2779	0.7663
0.981000	9.7771	0.2886	0.7875
0.982000	9.8204	0.2921	0.7942
0.983000	9.8544	0.2395	0.6834
0.984000	9.8736	0.2432	0.6919
0.985000	9.9056	0.1546	0.4669
0.986000	9.9014	0.1489	0.4510
0.987000	9.8586	0.1403	0.4266
0.988000	9.8440	0.0807	0.2508
0.989000	9.8433	0.0770	0.2396
0.990000	9.8709	0.0829	0.2576
0.991000	9.8577	0.1346	0.4102
0.992000	9.8857	0.1116	0.3435
0.993000	9.9271	0.1240	0.3798
0.994000	9.9591	0.1087	0.3349
0.995000	10.0224	0.1492	0.4519
0.996000	10.0343	0.2026	0.5945
0.997000	10.0644	0.2382	0.6805
0.998000	10.1456	0.2843	0.7791
0.999000	10.1802	0.2532	0.7141
1.000000	10.2176	0.2883	0.7868
1.001000	10.2589	0.2846	0.7797
1.002000	10.2060	0.3053	0.8187
1.003000	10.1645	0.3185	0.8419
1.004000	10.1796	0.3092	0.8257
1.005000	10.1568	0.2836	0.7777
1.006000	10.1500	0.2660	0.7417
1.007000	10.1832	0.2618	0.7327
1.008000	10.1442	0.2911	0.7923
1.009000	10.1529	0.2265	0.6531
1.010000	10.1398	0.2472	0.7008
1.011000	10.1824	0.1992	0.5857
1.012000	10.2214	0.1692	0.5068
1.013000	10.2611	0.1805	0.5373
1.014000	10.2717	0.1634	0.4912
1.015000	10.2546	0.1248	0.3822
1.016000	10.2436	0.1716	0.5133
1.017000	10.2304	0.1374	0.4185
1.018000	10.2007	0.1153	0.3542
1.019000	10.2404	0.1747	0.5217
1.020000	10.2490	0.1751	0.5227
1.021000	10.3079	0.1887	0.5588
1.022000	10.3221	0.1471	0.4459
1.023000	10.3083	0.0508	0.1589
1.024000	10.2973	0.0306	0.0961
1.025000	10.2858	0.0694	0.2162
1.026000	10.2712	0.1171	0.3595
1.027000	10.2679	0.0921	0.2854
1.028000	10.2782	0.0818	0.2542
1.029000	10.3135	0.0863	0.2677
1.030000	10.3021	0.0905	0.2804
1.031000	10.2725	0.0865	0.2683
1.032000	10.3012	0.0713	0.2222
1.033000	10.3774	-0.0077	-0.0242
1.034000	10.4095	-0.0278	-0.0872
1.035000	10.3739	0.0131	0.0412
1.036000	10.3287	-0.0422	-0.1320
1.037000	10.3006	-0.0230	-0.0721
1.038000	10.2918	-0.0078	-0.0246
1.039000	10.2639	-0.0051	-0.0159
1.040000	10.2541	-0.0091	-0.0285
1.041000	10.2164	0.0026	0.0082
1.042000	10.2756	0.0702	0.2188
1.043000	10.2336	0.0275	0.0862
1.044000	10.2366	0.0297	0.0933
1.045000	10.1921	0.0242	0.0760
1.046000	10.2682	0.0254	0.0796
1.047000	10.2937	-0.0269	-0.0843
1.048000	10.2839	-0.0332	-0.1040
1.049000	10.2673	-0.0662	-0.2064
1.050000	10.2567	-0.0718	-0.2237
1.051000	10.2611	-0.0945	-0.2924
1.052000	10.2580	-0.0503	-0.1575
1.053000	10.2239	-0.0833	-0.2588
1.054000	10.2260	-0.0371	-0.1162
1.055000	10.2556	-0.1025	-0.3164
1.056000	10.2555	-0.1017	-0.3141
1.057000	10.2775	-0.1457	-0.4419
1.058000	10.3021	-0.1327	-0.4050
1.059000	10.3660	-0.0740	-0.2304
1.060000	10.3792	-0.0702	-0.2189
1.061000	10.3547	-0.0634	-0.1979
1.062000	10.3633	-0.0731	-0.2276
1.063000	10.2887	-0.0764	-0.2377
1.064000	10.3312	-0.0211	-0.0664
1.065000	10.3681	0.0319	0.1002
1.066000	10.3939	0.0203	0.0638
1.067000	10.4186	0.0062	0.0194
1.068000	10.4190	-0.0532	-0.1665
1.069000	10.3797	-0.0158	-0.0496
1.070000	10.3314	0.0064	0.0200
1.071000	10.3719	0.0043	0.0135
1.072000	10.3402	0.0051	0.0162
1.073000	10.3406	-0.0014	-0.0043
1.074000	10.3697	-0.0139	-0.0438
1.075000	10.3934	-0.0520	-0.1625
1.076000	10.4142	-0.0665	-0.2074
1.077000	10.3918	-0.0874	-0.2711
1.078000	10.4142	-0.1223	-0.3748
1.079000	10.4212	-0.0680	-0.2120
1.080000	10.4146	-0.0798	-0.2480
1.081000	10.4040	-0.0749	-0.2331
1.082000	10.3720	-0.0310	-0.0973
1.083000	10.3847	-0.0086	-0.0272
1.084000	10.3566	0.0118	0.0371
1.085000	10.3404	0.0098	0.0307
1.086000	10.3956	-0.0008	-0.0025
1.087000	10.3992	-0.0359	-0.1127
1.088000	10.4175	-0.0606	-0.1891
1.089000	10.3964	-0.0306	-0.0961
1.090000	10.3890	-0.0287	-0.0901
1.091000	10.4439	-0.0117	-0.0368
1.092000	10.4606	-0.0057	-0.0179
1.093000	10.4532	-0.0287	-0.0901
1.094000	10.4877	-0.0101	-0.0316
1.095000	10.4251	0.0095	0.0299
1.096000	10.4506	-0.0295	-0.0927
1.097000	10.4747	0.0665	0.2075
1.098000	10.4776	0.0620	0.1936
1.099000	10.4689	0.0571	0.1783
1.100000	10.5141	0.0350	0.1096
1.101000	10.4915	0.0183	0.0574
1.102000	10.5207	0.0756	0.2352
1.103000	10.5372	0.1206	0.3698
1.104000	10.5210	0.1134	0.3489
1.105000	10.4860	0.1508	0.4563
1.106000	10.4910	0.1235	0.3784
1.107000	10.4783	0.0993	0.3071
1.108000	10.4499	0.0982	0.3037
1.109000	10.4596	0.0647	0.2019
1.110000	10.5561	0.0669	0.2085
1.111000	10.6145	0.0464	0.1453
1.112000	10.6214	0.0296	0.0927
1.113000	10.6231	-0.0066	-0.0208
1.114000	10.6327	0.0022	0.0068
1.115000	10.6888	0.0338	0.1059
1.116000	10.6807	0.0105	0.0331
1.117000	10.7264	0.0206	0.0646
1.118000	10.7138	0.0152	0.0479
1.119000	10.7235	0.0279	0.0877
1.120000	10.7680	0.0226	0.0709
1.121000	10.8184	0.0279	0.0876
1.122000	10.8404	-0.0096	-0.0301
1.123000	10.8058	0.0103	0.0325
1.124000	10.8253	0.0283	0.0886
1.125000	10.7825	0.0390	0.1221
1.126000	10.8090	0.0997	0.3082
1.127000	10.8116	0.0503	0.1573
1.128000	10.8457	0.0678	0.2113
1.129000	10.8511	0.0400	0.1253
1.130000	10.8621	0.0550	0.1720
1.131000	10.8049	0.0721	0.2245
1.132000	10.8019	0.0547	0.1709
1.133000	10.8757	0.0534	0.1668
1.134000	10.9333	0.0427	0.1336
1.135000	10.9507	0.0619	0.1933
1.136000	10.9971	0.0642	0.2004
1.137000	10.9724	0.0582	0.1820
1.138000	10.9392	0.0775	0.2410
1.139000	10.9981	0.0515	0.1609
1.140000	11.0526	0.0924	0.2864
1.141000	11.0990	0.1134	0.3489
1.142000	11.1300	0.0426	0.1333
1.143000	11.0973	0.0929	0.2877
1.144000	11.1429	0.0397	0.1243
1.145000	11.2052	0.0084	0.0265
1.146000	11.1884	-0.0052	-0.0163
1.147000	11.1508	-0.0087	-0.0274
1.148000	11.1771	0.0026	0.0083
1.149000	11.1236	-0.0468	-0.1464
1.150000	11.1889	-0.0391	-0.1227
1.151000	11.1737	-0.0257	-0.0805
1.152000	11.2343	0.0295	0.0926
1.153000	11.2910	-0.0363	-0.1138
1.154000	11.3450	-0.0480	-0.1502
1.155000	11.3750	0.0275	0.0863
1.156000	11.3788	0.0001	0.0005
1.157000	11.3571	0.0301	0.0945
1.158000	11.3111	0.0653	0.2037
1.159000	11.3340	0.1365	0.4158
1.160000	11.3192	0.1440	0.4370
1.161000	11.3367	0.1399	0.4255
1.162000	11.3327	0.1250	0.3827
1.163000	11.3619	0.0776	0.2413
1.164000	11.3431	0.0600	0.1874
1.165000	11.3379	0.0656	0.2047
1.166000	11.2966	0.0983	0.3041
1.167000	11.2789	0.1566	0.4725
1.168000	11.2512	0.1672	0.5015
1.169000	11.2264	0.1492	0.4519
1.170000	11.2012	0.1356	0.4133
1.171000	11.1728	0.1211	0.3714
1.172000	11.1870	0.1810	0.5384
1.173000	11.1567	0.1751	0.5227
1.174000	11.2092	0.1389	0.4226
1.175000	11.2675	0.1793	0.5341
1.176000	11.2435	0.1089	0.3354
1.177000	11.2674	0.0844	0.2620
1.178000	11.2647	0.1225	0.3755
1.179000	11.3011	0.1713	0.5126
1.180000	11.3136	0.1972	0.5805
1.181000	11.2750	0.1533	0.4632
1.182000	11.2678	0.1500	0.4540
1.183000	11.3071	0.1594	0.4802
1.184000	11.2709	0.1192	0.3657
1.185000	11.2800	0.1321	0.4031
1.186000	11.2637	0.1693	0.5072
1.187000	11.3409	0.1599	0.4814
1.188000	11.3858	0.1434	0.4354
1.189000	11.3957	0.0888	0.2754
1.190000	11.4050	0.1157	0.3554
1.191000	11.4101	0.1541	0.4656
1.192000	11.4232	0.1289	0.3941
1.193000	11.4533	0.0974	0.3013
1.194000	11.4546	0.1178	0.3616
1.195000	11.3980	0.0817	0.2539
1.196000	11.4173	0.0780	0.2427
1.197000	11.4792	0.0842	0.2615
1.198000	11.4537	0.0871	0.2703
1.199000	11.4530	0.0466	0.1458
1.200000	11.4096	0.0402	0.1260
1.201000	11.4423	0.0360	0.1127
1.202000	11.4738	-0.0067	-0.0212
1.203000	11.5211	0.0018	0.0058
1.204000	11.5122	-0.0078	-0.0244
1.205000	11.4710	0.0062	0.0194
1.206000	11.4766	0.0057	0.0179
1.207000	11.5215	0.0520	0.1627
1.208000	11.5272	0.0796	0.2474
1.209000	11.5553	0.1108	0.3412
1.210000	11.4933	0.1482	0.4490
1.211000	11.5195	0.1394	0.4239
1.212000	11.4942	0.1690	0.5064
1.213000	11.4674	0.1795	0.5346
1.214000	11.5352	0.1168	0.3586
1.215000	11.5255	0.1057	0.3260
1.216000	11.5012	0.0608	0.1898
1.217000	11.5184	0.0389	0.1219
1.218000	11.4919	-0.0508	-0.1590
1.219000	11.5142	-0.0860	-0.2670
1.220000	11.5214	-0.0636	-0.1985
1.221000	11.5393	-0.0672	-0.2095
1.222000	11.5479	-0.0938	-0.2906
1.223000	11.5755	-0.0669	-0.2085
1.224000	11.6072	-0.0351	-0.1101
1.225000	11.6564	-0.0120	-0.0378
1.226000	11.6764	-0.0251	-0.0788
1.227000	11.7222	-0.0220	-0.0691
1.228000	11.7273	-0.0306	-0.0959
1.229000	11.7500	0.0019	0.0061
1.230000	11.6974	0.0595	0.1858
1.231000	11.7383	0.1028	0.3175
1.232000	11.7468	0.0973	0.3009
1.233000	11.7899	0.1277	0.3906
1.234000	11.7660	0.1251	0.3830
1.235000	11.7607	0.1273	0.3893
1.236000	11.7294	0.1397	0.4248
1.237000	11.7106	0.0830	0.2579
1.238000	11.7154	0.0834	0.2590
1.239000	11.6928	0.1160	0.3564
1.240000	11.7335	0.1053	0.3249
1.241000	11.7289	0.1420	0.4316
1.242000	11.7281	0.1602	0.4824
1.243000	11.7209	0.1627	0.4891
1.244000	11.7256	0.1865	0.5530
1.245000	11.7363	0.1292	0.3947
1.246000	11.7054	0.1060	0.3268
1.247000	11.7649	0.0696	0.2170
1.248000	11.7680	0.1013	0.3129
1.249000	11.7610	0.1150	0.3534
1.250000	11.7593	0.1388	0.4223
1.251000	11.8048	0.1788	0.5328
1.252000	11.8758	0.2037	0.5971
1.253000	11.9067	0.1880	0.5570
1.254000	11.9447	0.2022	0.5933
1.255000	11.9886	0.2185	0.6339
1.256000	11.9856	0.1929	0.5696
1.257000	12.0031	0.1834	0.5448
1.258000	12.0200	0.1684	0.5048
1.259000	11.9888	0.1846	0.5479
1.260000	11.9103	0.1924	0.5684
1.261000	11.9355	0.1852	0.5496
1.262000	11.9428	0.1283	0.3923
1.263000	11.9871	0.1313	0.4009
1.264000	11.9933	0.1418	0.4308
1.265000	12.0546	0.1385	0.4216
1.266000	12.1001	0.1471	0.4460
1.267000	12.0778	0.1563	0.4714
1.268000	12.0502	0.1866	0.5532
1.269000	12.0548	0.1803	0.5367
1.270000	12.0737	0.2041	0.5981
1.271000	12.0592	0.2422	0.6895
1.272000	12.0673	0.2583	0.7253
1.273000	12.0166	0.2483	0.7032
1.274000	12.0017	0.2660	0.7416
1.275000	12.0059	0.2430	0.6913
1.276000	12.0215	0.1986	0.5843
1.277000	12.0406	0.1504	0.4550
1.278000	11.9685	0.1714	0.5129
1.279000	11.9489	0.1596	0.4808
1.280000	11.9773	0.1245	0.3813
1.281000	11.9502	0.1000	0.3091
1.282000	12.0081	0.0747	0.2327
1.283000	12.0345	0.0991	0.3062
1.284000	12.0766	0.0713	0.2220
1.285000	12.0523	0.0427	0.1337
1.286000	12.0631	0.0026	0.0083
1.287000	12.1423	0.0148	0.0465
1.288000	12.0952	0.0290	0.0909
1.289000	12.1102	0.0135	0.0425
1.290000	12.1360	-0.0455	-0.1425
1.291000	12.0804	-0.0607	-0.1897
1.292000	12.1095	-0.0762	-0.2370
1.293000	12.0562	-0.1069	-0.3294
1.294000	12.0773	-0.1336	-0.4074
1.295000	12.0722	-0.1548	-0.4674
1.296000	12.1056	-0.1481	-0.4487
1.297000	12.1066	-0.1645	-0.4942
1.298000	12.1005	-0.0910	-0.2820
1.299000	12.1500	-0.0799	-0.2485
1.300000	12.2116	-0.0293	-0.0918
1.301000	12.1851	0.0395	0.1238
1.302000	12.2057	0.0207	0.0649
1.303000	12.2268	0.0557	0.1742
1.304000	12.2602	0.0692	0.2156
1.305000	12.3099	0.0278	0.0873
1.306000	12.3223	0.0344	0.1079
1.307000	12.3507	0.1106	0.3404
1.308000	12.3624	0.0868	0.2692
1.309000	12.3541	0.0599	0.1872
1.310000	12.3362	0.0605	0.1888
1.311000	12.3598	0.0480	0.1501
1.312000	12.3832	0.0827	0.2569
1.313000	12.4043	0.0823	0.2556
1.314000	12.4158	0.0113	0.0356
1.315000	12.4142	0.0620	0.1935
1.316000	12.4491	-0.0130	-0.0407
1.317000	12.4663	0.0337	0.1055
1.318000	12.4202	0.0288	0.0904
1.319000	12.3976	0.0276	0.0865
1.320000	12.3329	-0.0054	-0.0170
1.321000	12.3388	0.0025	0.0078
1.322000	12.3762	0.0115	0.0361
1.323000	12.3738	0.0295	0.0926
1.324000	12.3113	0.0219	0.0689
1.325000	12.3487	-0.0176	-0.0553
1.326000	12.3723	0.0008	0.0026
1.327000	12.3871	-0.0340	-0.1065
1.328000	12.4206	-0.0816	-0.2535
1.329000	12.3992	-0.0762	-0.2370
1.330000	12.3560	-0.0325	-0.1020
1.331000	12.3488	-0.0812	-0.2523
1.332000	12.3585	-0.1158	-0.3557
1.333000	12.3927	-0.1261	-0.3859
1.334000	12.3734	-0.0963	-0.2980
1.335000	12.3426	-0.0777	-0.2417
1.336000	12.3762	-0.1200	-0.3681
1.337000	12.4106	-0.1314	-0.4011
1.338000	12.4338	-0.1067	-0.3289
1.339000	12.4725	-0.0635	-0.1981
1.340000	12.4977	-0.1150	-0.3534
1.341000	12.5431	-0.1349	-0.4114
1.342000	12.5505	-0.1182	-0.3628
1.343000	12.5356	-0.1212	-0.3717
1.344000	12.5910	-0.1572	-0.4740
1.345000	12.6368	-0.0817	-0.2538
1.346000	12.6834	-0.0830	-0.2578
1.347000	12.7180	-0.0575	-0.1797
1.348000	12.7509	-0.0516	-0.1614
1.349000	12.7952	-0.1076	-0.3317
1.350000	12.8070	-0.0711	-0.2215
1.351000	12.8259	-0.0688	-0.2146
1.352000	12.8659	-0.1263	-0.3863
1.353000	12.8265	-0.1208	-0.3703
1.354000	12.8520	-0.1582	-0.4768
1.355000	12.8993	-0.1659	-0.4978
1.356000	12.9625	-0.2005	-0.5892
1.357000	12.9772	-0.1452	-0.4405
1.358000	13.0360	-0.1552	-0.4684
1.359000	13.0403	-0.1869	-0.5541
1.360000	13.0998	-0.1426	-0.4333
1.361000	13.1024	-0.1431	-0.4346
1.362000	13.1612	-0.1346	-0.4104
1.363000	13.1988	-0.1432	-0.4348
1.364000	13.1566	-0.1325	-0.4044
1.365000	13.1943	-0.1139	-0.3502
1.366000	13.2038	-0.0975	-0.3014
1.367000	13.2294	-0.0855	-0.2654
1.368000	13.2977	-0.0221	-0.0694
1.369000	13.3413	-0.0391	-0.1227
1.370000	13.2987	-0.0047	-0.0147
1.371000	13.3245	-0.0122	-0.0384
1.372000	13.3440	-0.0452	-0.1417
1.373000	13.3136	-0.0280	-0.0879
1.374000	13.3387	-0.0943	-0.2919
1.375000	13.3157	-0.1457	-0.4420
1.376000	13.3341	-0.1243	-0.3805
1.377000	13.3437	-0.1404	-0.4269
1.378000	13.2864	-0.1217	-0.3732
1.379000	13.3195	-0.1359	-0.4142
1.380000	13.3308	-0.1437	-0.4362
1.381000	13.3449	-0.1471	-0.4459
1.382000	13.3474	-0.1407	-0.4279
1.383000	13.3629	-0.1200	-0.3680
1.384000	13.3907	-0.1153	-0.3543
1.385000	13.3688	-0.1225	-0.3755
1.386000	13.3707	-0.1200	-0.3682
1.387000	13.3839	-0.0682	-0.2127
1.388000	13.4077	-0.0921	-0.2854
1.389000	13.4242	-0.0817	-0.2537
1.390000	13.4148	-0.0460	-0.1440
1.391000	13.4205	-0.0971	-0.3004
1.392000	13.4163	-0.0997	-0.3081
1.393000	13.4194	-0.1159	-0.3561
1.394000	13.4176	-0.1292	-0.3949
1.395000	13.3760	-0.1676	-0.5024
1.396000	13.3448	-0.2256	-0.6509
1.397000	13.3925	-0.2538	-0.7155
1.398000	13.4200	-0.2238	-0.6466
1.399000	13.4299	-0.2463	-0.6989
1.400000	13.4613	-0.2536	-0.7151
1.401000	13.5197	-0.2406	-0.6859
1.402000	13.5495	-0.2194	-0.6360
1.403000	13.5725	-0.1866	-0.5532
1.404000	13.5494	-0.1325	-0.4043
1.405000	13.6163	-0.0949	-0.2938
1.406000	13.6128	-0.0430	-0.1348
1.407000	13.6263	-0.0101	-0.0316
1.408000	13.6871	0.0004	0.0013
1.409000	13.6771	-0.0011	-0.0035
1.410000	13.6426	-0.0189	-0.0592
1.411000	13.6563	0.0235	0.0738
1.412000	13.7175	0.0885	0.2745
1.413000	13.7081	0.0560	0.1751
1.414000	13.7016	0.0651	0.2030
1.415000	13.7195	-0.0003	-0.0008
1.416000	13.7026	-0.0134	-0.0421
1.417000	13.7218	-0.0250	-0.0784
1.418000	13.7893	-0.0516	-0.1613
1.419000	13.8163	-0.0570	-0.1782
1.420000	13.8506	-0.0661	-0.2062
1.421000	13.7866	-0.0707	-0.2204
1.422000	13.7559	-0.0852	-0.2644
1.423000	13.7620	-0.1101	-0.3390
1.424000	13.7485	-0.1242	-0.3805
1.425000	13.7555	-0.1495	-0.4526
1.426000	13.7457	-0.1460	-0.4428
1.427000	13.7007	-0.1308	-0.3995
1.428000	13.7546	-0.1904	-0.5632
1.429000	13.7408	-0.2276	-0.6556
1.430000	13.7083	-0.1856	-0.5506
1.431000	13.6921	-0.1788	-0.5325
1.432000	13.7068	-0.1798	-0.5352
1.433000	13.7206	-0.2212	-0.6404
1.434000	13.7133	-0.1977	-0.5819
1.435000	13.6940	-0.1497	-0.4532
1.436000	13.6761	-0.1288	-0.3938
1.437000	13.7387	-0.0568	-0.1773
1.438000	13.7542	-0.0479	-0.1499
1.439000	13.7441	-0.0508	-0.1590
1.440000	13.7099	-0.0582	-0.1820
1.441000	13.6928	-0.0214	-0.0671
1.442000	13.6689	-0.0034	-0.0106
1.443000	13.6531	-0.0449	-0.1407
1.444000	13.6861	-0.0384	-0.1202
1.445000	13.7172	-0.0005	-0.0017
1.446000	13.7267	0.0159	0.0500
1.447000	13.7533	-0.0010	-0.0030
1.448000	13.7757	-0.0219	-0.0687
1.449000	13.7897	-0.0063	-0.0199
1.450000	13.8056	-0.0178	-0.0560
1.451000	13.8001	-0.0380	-0.1191
1.452000	13.7460	-0.0397	-0.1245
1.453000	13.7375	-0.0515	-0.1611
1.454000	13.7714	-0.0272	-0.0854
1.455000	13.7495	-0.0245	-0.0767
1.456000	13.7630	-0.0145	-0.0455
1.457000	13.7688	0.0004	0.0011
1.458000	13.8155	0.0423	0.1325
1.459000	13.8323	-0.0058	-0.0182
1.460000	13.8072	-0.0320	-0.1004
1.461000	13.8111	-0.0620	-0.1935
1.462000	13.8229	-0.0816	-0.2536
1.463000	13.8237	-0.0902	-0.2796
1.464000	13.8472	-0.0478	-0.1495
1.465000	13.8602	-0.0321	-0.1007
1.466000	13.8870	-0.0388	-0.1217
1.467000	13.8872	-0.0046	-0.0143
1.468000	13.8317	-0.0567	-0.1771
1.469000	13.8079	-0.0673	-0.2098
1.470000	13.7951	-0.0402	-0.1261
1.471000	13.7967	-0.0854	-0.2651
1.472000	13.8355	-0.1330	-0.4059
1.473000	13.8837	-0.1346	-0.4104
1.474000	13.8965	-0.0842	-0.2614
1.475000	13.9002	-0.0302	-0.0948
1.476000	13.8941	-0.0116	-0.0366
1.477000	13.8877	0.0102	0.0321
1.478000	13.9431	0.0032	0.0101
1.479000	13.9495	0.0179	0.0561
1.480000	13.9915	0.0205	0.0643
1.481000	14.0241	0.0264	0.0827
1.482000	14.0454	0.0134	0.0419
1.483000	14.0431	0.0224	0.0704
1.484000	14.0493	0.0815	0.2534
1.485000	14.1114	0.0669	0.2085
1.486000	14.0637	0.0823	0.2558
1.487000	14.0546	0.0903	0.2798
1.488000	14.0350	0.1328	0.4053
1.489000	14.0647	0.0932	0.2887
1.490000	14.0875	0.0991	0.3064
1.491000	14.1225	0.0779	0.2424
1.492000	14.1126	0.0699	0.2177
1.493000	14.0847	0.0256	0.0804
1.494000	14.1156	0.0734	0.2286
1.495000	14.1144	0.0461	0.1445
1.496000	14.1052	0.0533	0.1668
1.497000	14.0717	0.0099	0.0312
1.498000	14.0992	0.0351	0.1100
1.499000	14.1062	0.0723	0.2253
1.500000	14.1445	0.0297	0.0933
1.501000	14.1932	0.0451	0.1413
1.502000	14.1928	0.0497	0.1554
1.503000	14.2563	0.0650	0.2029
1.504000	14.2708	0.0475	0.1487
1.505000	14.2752	0.0366	0.1147
1.506000	14.3297	0.0685	0.2136
1.507000	14.3558	0.0397	0.1245
1.508000	14.4141	0.0254	0.0798
1.509000	14.4346	-0.0037	-0.0115
1.510000	14.3780	-0.0479	-0.1500
1.511000	14.4208	-0.0614	-0.1916
1.512000	14.4538	-0.0470	-0.1473
1.513000	14.5067	-0.0145	-0.0455
1.514000	14.5130	-0.0265	-0.0831
1.515000	14.5055	-0.0811	-0.2519
1.516000	14.5088	-0.0620	-0.1935
1.517000	14.5004	-0.0599	-0.1871
1.518000	14.5489	-0.0544	-0.1702
1.519000	14.5640	-0.0992	-0.3066
1.520000	14.5564	-0.0929	-0.2877
1.521000	14.5330	-0.1560	-0.4707
1.522000	14.5573	-0.1676	-0.5025
1.523000	14.6040	-0.1485	-0.4498
1.524000	14.6384	-0.1002	-0.3095
1.525000	14.5719	-0.0948	-0.2934
1.526000	14.6412	-0.1441	-0.4375
1.527000	14.6835	-0.1194	-0.3663
1.528000	14.6797	-0.1250	-0.3826
1.529000	14.7236	-0.1121	-0.3449
1.530000	14.7375	-0.1706	-0.5108
1.531000	14.7158	-0.1432	-0.4349
1.532000	14.7739	-0.1332	-0.4064
1.533000	14.7757	-0.1517	-0.4589
1.534000	14.7973	-0.1535	-0.4639
1.535000	14.7794	-0.1368	-0.4166
1.536000	14.7869	-0.1589	-0.4786
1.537000	14.8392	-0.1867	-0.5535
1.538000	14.8789	-0.1899	-0.5618
1.539000	14.8830	-0.1586	-0.4778
1.540000	14.8443	-0.1288	-0.3936
1.541000	14.8115	-0.1532	-0.4628
1.542000	14.8594	-0.1001	-0.3094
1.543000	14.8907	-0.1063	-0.3278
1.544000	14.9161	-0.1064	-0.3281
1.545000	14.9309	-0.1622	-0.4878
1.546000	14.9506	-0.1226	-0.3758
1.547000	14.9186	-0.1038	-0.3203
1.548000	14.9167	-0.1274	-0.3898
1.549000	14.9572	-0.0922	-0.2856
1.550000	14.9098	-0.1060	-0.3268
1.551000	14.9135	-0.0366	-0.1148
1.552000	14.9298	-0.0378	-0.1183
1.553000	14.9264	-0.0651	-0.2030
1.554000	14.9318	-0.0335	-0.1050
1.555000	14.9269	-0.0542	-0.1694
1.556000	14.9492	-0.0117	-0.0366
1.557000	14.9590	-0.0537	-0.1680
1.558000	15.0058	-0.0676	-0.2109
1.559000	15.0096	-0.0705	-0.2196
1.560000	15.0093	-0.0405	-0.1269
1.561000	15.0304	-0.1209	-0.3706
1.562000	15.0719	-0.1034	-0.3192
1.563000	15.1233	-0.0814	-0.2529
1.564000	15.1364	-0.0998	-0.3083
1.565000	15.1117	-0.1059	-0.3267
1.566000	15.1043	-0.1096	-0.3375
1.567000	15.1092	-0.1492	-0.4518
1.568000	15.1037	-0.1150	-0.3535
1.569000	15.1706	-0.0808	-0.2512
1.570000	15.1731	-0.0614	-0.1916
1.571000	15.1067	-0.0308	-0.0967
1.572000	15.1594	-0.0550	-0.1719
1.573000	15.1858	-0.1283	-0.3924
1.574000	15.2113	-0.1600	-0.4816
1.575000	15.2990	-0.1499	-0.4537
1.576000	15.3393	-0.1769	-0.5275
1.577000	15.3659	-0.1894	-0.5606
1.578000	15.3922	-0.1354	-0.4126
1.579000	15.4340	-0.1025	-0.3166
1.580000	15.4526	-0.0610	-0.1905
1.581000	15.4864	-0.0448	-0.1402
1.582000	15.4504	-0.0880	-0.2729
1.583000	15.4362	-0.0833	-0.2587
1.584000	15.4159	-0.1054	-0.3251
1.585000	15.4456	-0.0908	-0.2815
1.586000	15.3690	-0.0805	-0.2501
1.587000	15.3566	-0.1123	-0.3456
1.588000	15.3588	-0.1195	-0.3668
1.589000	15.3662	-0.1192	-0.3658
1.590000	15.4330	-0.1404	-0.4269
1.591000	15.4544	-0.1391	-0.4233
1.592000	15.5237	-0.1270	-0.3886
1.593000	15.5810	-0.1487	-0.4503
1.594000	15.6040	-0.1346	-0.4105
1.595000	15.6153	-0.1326	-0.4046
1.596000	15.5985	-0.1497	-0.4532
1.597000	15.6037	-0.1609	-0.4841
1.598000	15.6202	-0.1407	-0.4277
1.599000	15.6080	-0.1515	-0.4581
1.600000	15.6024	-0.1106	-0.3405
1.601000	15.6437	-0.0763	-0.2375
1.602000	15.6774	-0.1189	-0.3648
1.603000	15.6919	-0.0657	-0.2049
1.604000	15.6893	-0.0337	-0.1058
1.605000	15.7196	-0.0163	-0.0512
1.606000	15.6523	-0.0259	-0.0814
1.607000	15.6999	-0.0275	-0.0863
1.608000	15.7516	0.0003	0.0010
1.609000	15.7705	0.0238	0.0747
1.610000	15.8172	0.0437	0.1368
1.611000	15.8129	0.0200	0.0627
1.612000	15.8064	-0.0238	-0.0747
1.613000	15.8062	-0.0480	-0.1502
1.614000	15.8221	-0.0766	-0.2382
1.615000	15.8065	-0.0589	-0.1841
1.616000	15.8968	0.0275	0.0864
1.617000	15.8997	0.0135	0.0425
1.618000	15.9024	-0.0196	-0.0617
1.619000	15.9219	-0.0429	-0.1344
1.620000	15.9109	-0.0246	-0.0773
1.621000	15.8251	0.0198	0.0622
1.622000	15.8100	-0.0153	-0.0482
1.623000	15.8222	-0.0305	-0.0955
1.624000	15.7941	-0.0356	-0.1118
1.625000	15.7995	-0.0518	-0.1620
1.626000	15.7274	-0.1148	-0.3528
1.627000	15.7595	-0.1241	-0.3801
1.628000	15.7697	-0.0994	-0.3073
1.629000	15.8325	-0.0616	-0.1923
1.630000	15.8412	-0.0092	-0.0288
1.631000	15.8461	-0.0514	-0.1606
1.632000	15.8334	-0.0542	-0.1695
1.633000	15.8220	-0.0334	-0.1048
1.634000	15.8081	-0.0157	-0.0493
1.635000	15.8327	-0.0113	-0.0354
1.636000	15.7982	0.0003	0.0010
1.637000	15.8099	0.0194	0.0608
1.638000	15.7571	0.0147	0.0463
1.639000	15.7663	0.0598	0.1868
1.640000	15.7899	0.0958	0.2963
1.641000	15.8575	0.0702	0.2188
1.642000	15.9227	0.0195	0.0611
1.643000	16.0119	0.0064	0.0200
1.644000	16.0108	0.0186	0.0585
1.645000	16.0525	0.0205	0.0644
1.646000	16.0890	0.0942	0.2915
1.647000	16.1219	0.1109	0.3414
1.648000	16.1104	0.0597	0.1864
1.649000	16.1162	0.0560	0.1749
1.650000	16.1661	0.0827	0.2568
1.651000	16.1946	0.0817	0.2538
1.652000	16.1816	0.0810	0.2516
1.653000	16.2472	0.0796	0.2475
1.654000	16.2537	0.0058	0.0182
1.655000	16.2415	0.0324	0.1016
1.656000	16.2486	-0.0166	-0.0523
1.657000	16.3303	-0.0389	-0.1220
1.658000	16.3420	-0.0807	-0.2507
1.659000	16.3485	-0.1204	-0.3693
1.660000	16.3855	-0.1181	-0.3626
1.661000	16.3720	-0.1293	-0.3952
1.662000	16.4090	-0.1446	-0.4388
1.663000	16.4067	-0.1867	-0.5535
1.664000	16.4510	-0.1674	-0.5021
1.665000	16.4122	-0.1308	-0.3995
1.666000	16.3777	-0.0947	-0.2932
1.667000	16.3776	-0.0770	-0.2395
1.668000	16.3894	-0.0697	-0.2173
1.669000	16.4027	-0.0005	-0.0017
1.670000	16.3982	0.0405	0.1268
1.671000	16.3886	0.0041	0.0129
1.672000	16.3742	-0.0346	-0.1084
1.673000	16.4137	-0.0343	-0.1075
1.674000	16.4500	-0.0543	-0.1696
1.675000	16.4188	-0.0303	-0.0950
1.676000	16.4690	-0.0525	-0.1642
1.677000	16.4847	-0.0788	-0.2451
1.678000	16.4885	-0.0794	-0.2470
1.679000	16.4983	-0.0552	-0.1725
1.680000	16.5075	-0.0814	-0.2530
1.681000	16.5146	-0.1115	-0.3432
1.682000	16.5777	-0.0839	-0.2605
1.683000	16.6191	-0.0875	-0.2714
1.684000	16.7382	-0.1195	-0.3666
1.685000	16.7297	-0.0948	-0.2936
1.686000	16.8179	-0.1222	-0.3745
1.687000	16.8039	-0.1611	-0.4847
1.688000	16.7511	-0.2022	-0.5934
1.689000	16.7739	-0.2049	-0.6002
1.690000	16.7858	-0.1957	-0.5768
1.691000	16.7851	-0.1976	-0.5816
1.692000	16.7854	-0.2301	-0.6614
1.693000	16.7576	-0.2829	-0.7763
1.694000	16.6853	-0.2282	-0.6570
1.695000	16.6543	-0.2045	-0.5993
1.696000	16.6558	-0.1784	-0.5316
1.697000	16.6722	-0.2176	-0.6315
1.698000	16.6193	-0.1981	-0.5829
1.699000	16.6540	-0.1823	-0.5418
1.700000	16.6607	-0.1922	-0.5678
1.701000	16.6453	-0.2357	-0.6746
1.702000	16.6681	-0.2404	-0.6854
1.703000	16.6763	-0.2520	-0.7115
1.704000	16.6656	-0.1889	-0.5592
1.705000	16.6901	-0.1641	-0.4930
1.706000	16.6802	-0.1940	-0.5725
1.707000	16.6809	-0.1683	-0.5043
1.708000	16.6137	-0.1540	-0.4652
1.709000	16.6052	-0.1440	-0.4370
1.710000	16.6254	-0.1695	-0.5077
1.711000	16.5976	-0.1694	-0.5075
1.712000	16.6241	-0.1374	-0.4183
1.713000	16.6260	-0.1661	-0.4985
1.714000	16.7107	-0.1789	-0.5328
1.715000	16.7368	-0.2227	-0.6440
1.716000	16.7583	-0.2728	-0.7559
1.717000	16.7208	-0.2464	-0.6991
1.718000	16.7160	-0.2616	-0.7325
1.719000	16.6999	-0.2585	-0.7257
1.720000	16.7077	-0.1902	-0.5625
1.721000	16.6900	-0.2374	-0.6785
1.722000	16.7188	-0.2035	-0.5968
1.723000	16.7253	-0.2069	-0.6053
1.724000	16.7644	-0.1625	-0.4887
1.725000	16.7637	-0.1490	-0.4511
1.726000	16.7649	-0.1354	-0.4127
1.727000	16.8237	-0.1755	-0.5239
1.728000	16.7567	-0.1816	-0.5402
1.729000	16.7426	-0.2186	-0.6341
1.730000	16.7628	-0.2584	-0.7256
1.731000	16.8017	-0.2577	-0.7241
1.732000	16.7897	-0.2678	-0.7456
1.733000	16.7961	-0.3427	-0.8803
1.734000	16.7933	-0.3315	-0.8632
1.735000	16.7915	-0.3793	-0.9289
1.736000	16.8089	-0.3375	-0.8724
1.737000	16.8179	-0.3328	-0.8651
1.738000	16.7615	-0.3331	-0.8657
1.739000	16.7271	-0.3323	-0.8645
1.740000	16.7299	-0.3494	-0.8902
1.741000	16.7384	-0.3427	-0.8803
1.742000	16.7115	-0.3275	-0.8567
1.743000	16.7032	-0.3418	-0.8790
1.744000	16.6703	-0.2971	-0.8036
1.745000	16.6911	-0.2901	-0.7904
1.746000	16.6522	-0.2926	-0.7952
1.747000	16.6550	-0.2537	-0.7153
1.748000	16.6748	-0.2787	-0.7679
1.749000	16.6852	-0.2873	-0.7850
1.750000	16.6860	-0.2402	-0.6849
1.751000	16.7106	-0.2381	-0.6802
1.752000	16.7102	-0.2417	-0.6885
1.753000	16.6839	-0.2053	-0.6012
1.754000	16.6973	-0.1497	-0.4531
1.755000	16.6938	-0.1265	-0.3869
1.756000	16.6921	-0.1123	-0.3455
1.757000	16.6534	-0.1321	-0.4032
1.758000	16.5980	-0.1365	-0.4159
1.759000	16.5840	-0.1872	-0.5547
1.760000	16.6205	-0.1477	-0.4474
1.761000	16.6061	-0.2180	-0.6326
1.762000	16.5944	-0.3817	-0.9317
1.763000	16.6034	-0.2846	-0.7797
1.764000	16.5651	-0.2888	-0.7879
1.765000	16.5755	-0.2402	-0.6851
1.766000	16.6018	-0.1985	-0.5841
1.767000	16.6408	-0.1994	-0.5862
1.768000	16.6722	-0.2334	-0.6692
1.769000	16.6517	-0.2553	-0.7189
1.770000	16.6870	-0.2653	-0.7403
1.771000	16.7373	-0.3246	-0.8519
1.772000	16.7391	-0.3488	-0.8893
1.773000	16.6938	-0.2890	-0.7883
1.774000	16.6900	-0.3099	-0.8269
1.775000	16.6788	-0.2993	-0.8077
1.776000	16.6443	-0.3026	-0.8138
1.777000	16.6651	-0.3215	-0.8469
1.778000	16.6880	-0.2962	-0.8020
1.779000	16.7495	-0.2950	-0.7997
1.780000	16.7599	-0.3134	-0.8330
1.781000	16.7556	-0.2894	-0.7891
1.782000	16.7999	-0.2810	-0.7726
1.783000	16.8068	-0.2561	-0.7205
1.784000	16.8426	-0.2885	-0.7872
1.785000	16.8530	-0.3268	-0.8556
1.786000	16.8429	-0.3353	-0.8692
1.787000	16.8930	-0.3250	-0.8527
1.788000	16.9057	-0.3146	-0.8351
1.789000	16.9741	-0.2984	-0.8061
1.790000	17.0116	-0.2701	-0.7503
1.791000	16.9928	-0.2944	-0.7985
1.792000	16.9729	-0.3240	-0.8511
1.793000	16.9428	-0.3704	-0.9183
1.794000	16.9821	-0.4838	-0.9987
1.795000	16.9835	-0.4145	-0.9642
1.796000	17.0337	-0.3821	-0.9322
1.797000	17.0408	-0.4064	-0.9571
1.798000	17.0676	-0.4143	-0.9640
1.799000	17.0330	-0.4166	-0.9659
1.800000	17.0227	-0.3686	-0.9161
1.801000	17.0339	-0.3261	-0.8544
1.802000	17.0450	-0.2901	-0.7903
1.803000	17.0185	-0.2507	-0.7086
1.804000	17.0314	-0.2567	-0.7218
1.805000	17.0349	-0.2817	-0.7739
1.806000	17.0856	-0.2630	-0.7353
1.807000	17.0313	-0.2629	-0.7351
1.808000	17.0891	-0.2602	-0.7294
1.809000	17.0557	-0.2781	-0.7668
1.810000	17.0770	-0.2473	-0.7011
1.811000	17.0414	-0.3033	-0.8151
1.812000	17.0715	-0.3199	-0.8441
1.813000	17.0862	-0.2950	-0.7997
1.814000	17.0774	-0.2823	-0.7750
1.815000	17.0910	-0.2530	-0.7137
1.816000	17.1407	-0.2223	-0.6429
1.817000	17.1336	-0.1813	-0.5392
1.818000	17.1507	-0.1453	-0.4408
1.819000	17.1856	-0.1337	-0.4078
1.820000	17.2203	-0.0957	-0.2963
1.821000	17.2850	-0.0647	-0.2017
1.822000	17.2550	-0.0436	-0.1366
1.823000	17.2562	-0.0616	-0.1923
1.824000	17.3059	-0.0893	-0.2769
1.825000	17.2968	-0.1207	-0.3700
1.826000	17.2708	-0.1129	-0.3473
1.827000	17.2759	-0.1079	-0.3326
1.828000	17.2590	-0.1287	-0.3935
1.829000	17.2611	-0.1164	-0.3575
1.830000	17.2812	-0.0929	-0.2877
1.831000	17.3059	-0.0888	-0.2753
1.832000	17.3115	-0.1250	-0.3828
1.833000	17.2949	-0.1184	-0.3634
1.834000	17.3023	-0.1618	-0.4868
1.835000	17.2902	-0.1327	-0.4049
1.836000	17.3419	-0.1021	-0.3154
1.837000	17.3487	-0.1270	-0.3884
1.838000	17.4305	-0.1487	-0.4504
1.839000	17.4351	-0.1771	-0.5282
1.840000	17.4726	-0.1643	-0.4935
1.841000	17.4244	-0.1861	-0.5520
1.842000	17.4209	-0.1303	-0.3981
1.843000	17.4341	-0.1461	-0.4429
1.844000	17.4384	-0.1571	-0.4739
1.845000	17.4703	-0.2402	-0.6850
1.846000	17.4646	-0.1955	-0.5762
1.847000	17.4696	-0.1401	-0.4261
1.848000	17.4241	-0.1165	-0.3579
1.849000	17.4910	-0.1133	-0.3484
1.850000	17.5167	-0.0597	-0.1864
1.851000	17.5228	-0.0232	-0.0727
1.852000	17.4861	-0.0528	-0.1651
1.853000	17.5204	-0.0438	-0.1371
1.854000	17.4898	-0.0387	-0.1212
1.855000	17.4870	-0.0857	-0.2659
1.856000	17.4747	-0.0414	-0.1298
1.857000	17.5388	-0.0280	-0.0878
1.858000	17.5153	-0.0710	-0.2211
1.859000	17.5308	-0.0336	-0.1054
1.860000	17.5105	0.0085	0.0267
1.861000	17.5289	0.0117	0.0367
1.862000	17.5036	-0.0227	-0.0712
1.863000	17.4767	-0.0186	-0.0582
1.864000	17.5083	-0.0016	-0.0051
1.865000	17.5299	-0.0744	-0.2315
1.866000	17.5439	-0.1145	-0.3520
1.867000	17.6046	-0.1508	-0.4561
1.868000	17.6092	-0.1736	-0.5186
1.869000	17.6370	-0.1859	-0.5513
1.870000	17.6199	-0.1458	-0.4422
1.871000	17.6581	-0.1594	-0.4802
1.872000	17.6715	-0.1540	-0.4653
1.873000	17.6351	-0.2007	-0.5896
1.874000	17.6448	-0.2149	-0.6250
1.875000	17.6698	-0.2046	-0.5994
1.876000	17.6673	-0.1473	-0.4464
1.877000	17.7060	-0.0583	-0.1822
1.878000	17.7270	-0.0817	-0.2539
1.879000	17.7290	-0.0781	-0.2429
1.880000	17.7153	-0.1293	-0.3950
1.881000	17.6887	-0.1263	-0.3865
1.882000	17.7144	-0.0750	-0.2333
1.883000	17.7190	-0.0724	-0.2254
1.884000	17.7339	-0.0643	-0.2006
1.885000	17.7079	-0.0266	-0.0834
1.886000	17.7362	-0.0388	-0.1217
1.887000	17.7352	-0.0671	-0.2093
1.888000	17.7389	-0.0897	-0.2780
1.889000	17.7929	-0.0889	-0.2757
1.890000	17.7914	-0.1314	-0.4013
1.891000	17.8091	-0.1523	-0.4604
1.892000	17.7953	-0.1221	-0.3743
1.893000	17.8251	-0.1379	-0.4197
1.894000	17.8907	-0.0965	-0.2985
1.895000	17.8535	-0.1046	-0.3228
1.896000	17.8855	-0.1475	-0.4471
1.897000	17.8974	-0.1342	-0.4093
1.898000	17.8772	-0.1011	-0.3122
1.899000	17.8891	-0.0853	-0.2647
1.900000	17.9295	-0.1540	-0.4651
1.901000	17.9170	-0.1145	-0.3521
1.902000	17.8869	-0.1153	-0.3545
1.903000	17.9125	-0.1326	-0.4048
1.904000	17.9431	-0.1061	-0.3272
1.905000	17.9505	-0.0893	-0.2768
1.906000	17.9474	-0.1107	-0.3409
1.907000	17.9719	-0.1595	-0.4803
1.908000	17.9736	-0.1916	-0.5663
1.909000	17.9639	-0.1298	-0.3966
1.910000	17.9235	-0.1241	-0.3799
1.911000	17.9021	-0.1472	-0.4463
1.912000	17.8820	-0.1924	-0.5683
1.913000	17.8877	-0.1851	-0.5493
1.914000	17.8365	-0.1657	-0.4974
1.915000	17.8108	-0.2027	-0.5946
1.916000	17.8115	-0.1868	-0.5538
1.917000	17.8123	-0.1716	-0.5133
1.918000	17.8103	-0.1127	-0.3466
1.919000	17.8649	-0.1330	-0.4057
1.920000	17.8900	-0.1084	-0.3341
1.921000	17.9460	-0.1584	-0.4772
1.922000	17.9121	-0.1699	-0.5088
1.923000	17.9147	-0.1656	-0.4970
1.924000	17.9084	-0.1898	-0.5615
1.925000	17.8566	-0.2219	-0.6421
1.926000	17.8185	-0.1770	-0.5279
1.927000	17.7713	-0.1964	-0.5785
1.928000	17.7504	-0.1699	-0.5088
1.929000	17.7755	-0.1702	-0.5095
1.930000	17.7456	-0.1371	-0.4176
1.931000	17.7298	-0.1103	-0.3395
1.932000	17.7959	-0.0940	-0.2911
1.933000	17.7411	-0.0631	-0.1969
1.934000	17.7007	-0.0399	-0.1249
1.935000	17.7122	-0.0166	-0.0521
1.936000	17.7657	-0.0123	-0.0386
1.937000	17.7990	-0.0323	-0.1013
1.938000	17.8125	-0.0255	-0.0801
1.939000	17.7987	-0.0495	-0.1550
1.940000	17.8010	-0.0257	-0.0806
1.941000	17.8059	-0.0342	-0.1072
1.942000	17.8241	-0.0156	-0.0490
1.943000	17.8397	0.0134	0.0421
1.944000	17.8300	-0.0157	-0.0494
1.945000	17.8632	-0.0632	-0.1973
1.946000	17.8388	-0.0734	-0.2286
1.947000	17.8150	-0.1196	-0.3670
1.948000	17.7797	-0.0503	-0.1573
1.949000	17.7655	0.0125	0.0393
1.950000	17.8017	-0.0138	-0.0432
1.951000	17.7939	-0.0400	-0.1253
1.952000	17.7841	-0.0534	-0.1670
1.953000	17.7487	-0.0476	-0.1491
1.954000	17.7747	-0.0503	-0.1573
1.955000	17.8197	-0.0466	-0.1459
1.956000	17.8417	-0.0912	-0.2827
1.957000	17.8356	-0.0839	-0.2605
1.958000	17.8129	-0.0918	-0.2843
1.959000	17.7739	-0.1294	-0.3954
1.960000	17.8598	-0.1163	-0.3572
1.961000	17.8794	-0.1715	-0.5131
1.962000	17.9233	-0.2012	-0.5907
1.963000	17.9924	-0.2252	-0.6500
1.964000	17.9993	-0.2040	-0.5979
1.965000	18.0816	-0.1824	-0.5421
1.966000	18.0927	-0.1296	-0.3959
1.967000	18.1038	-0.1178	-0.3616
1.968000	18.1119	-0.1201	-0.3684
1.969000	18.0837	-0.1397	-0.4250
1.970000	18.1212	-0.1166	-0.3582
1.971000	18.1016	-0.1524	-0.4608
1.972000	18.1538	-0.1224	-0.3752
1.973000	18.1391	-0.1341	-0.4090
1.974000	18.1862	-0.1607	-0.4836
1.975000	18.1856	-0.1531	-0.4625
1.976000	18.2057	-0.1526	-0.4612
1.977000	18.1768	-0.1257	-0.3848
1.978000	18.1373	-0.1340	-0.4087
1.979000	18.1515	-0.1192	-0.3657
1.980000	18.1734	-0.1282	-0.3919
1.981000	18.2326	-0.1732	-0.5176
1.982000	18.2312	-0.2308	-0.6632
1.983000	18.1909	-0.1639	-0.4925
1.984000	18.2126	-0.1664	-0.4994
1.985000	18.1804	-0.1403	-0.4266
1.986000	18.2052	-0.1113	-0.3427
1.987000	18.2216	-0.1141	-0.3507
1.988000	18.2534	-0.0993	-0.3068
1.989000	18.2670	-0.0745	-0.2320
1.990000	18.2670	-0.0549	-0.1716
1.991000	18.2901	-0.0068	-0.0213
1.992000	18.2994	0.0442	0.1383
1.993000	18.2613	0.0268	0.0842
1.994000	18.2392	0.0344	0.1077
1.995000	18.2572	0.0063	0.0198
1.996000	18.2862	0.0652	0.2035
1.997000	18.3143	0.1229	0.3767
1.998000	18.2976	0.0957	0.2960
1.999000	18.2751	0.1002	0.3097
2.000000	18.2781	0.0889	0.2756
2.001000	18.3094	0.1254	0.3839
2.002000	18.3272	0.1458	0.4422
2.003000	18.2874	0.1243	0.3805
2.004000	18.3242	0.1844	0.5473
2.005000	18.3774	0.1569	0.4733
2.006000	18.4169	0.0951	0.2944
2.007000	18.4505	0.0720	0.2242
2.008000	18.4137	0.1144	0.3517
2.009000	18.4075	0.0593	0.1853
2.010000	18.4101	0.0933	0.2890
2.011000	18.3650	0.1147	0.3526
2.012000	18.3466	0.1242	0.3803
2.013000	18.3381	0.1448	0.4395
2.014000	18.3261	0.1096	0.3375
2.015000	18.3416	0.1225	0.3754
2.016000	18.3943	0.1803	0.5365
2.017000	18.4273	0.1987	0.5844
2.018000	18.4309	0.2499	0.7068
2.019000	18.4479	0.2440	0.6938
2.020000	18.4434	0.2554	0.7191
2.021000	18.4404	0.2824	0.7753
2.022000	18.4365	0.2829	0.7762
2.023000	18.5031	0.3005	0.8099
2.024000	18.5013	0.2772	0.7649
2.025000	18.4842	0.2159	0.6275
2.026000	18.4867	0.2622	0.7338
2.027000	18.5026	0.2568	0.7220
2.028000	18.5259	0.2343	0.6714
2.029000	18.5241	0.1766	0.5269
2.030000	18.6118	0.1797	0.5351
2.031000	18.6978	0.1656	0.4970
2.032000	18.7247	0.1439	0.4368
2.033000	18.7349	0.1188	0.3645
2.034000	18.6807	0.1430	0.4342
2.035000	18.6779	0.1337	0.4078
2.036000	18.6698	0.1209	0.3709
2.037000	18.6765	0.0367	0.1150
2.038000	18.7082	0.0559	0.1746
2.039000	18.6937	0.0651	0.2032
2.040000	18.6608	0.0669	0.2088
2.041000	18.7195	0.0156	0.0491
2.042000	18.7745	0.0367	0.1151
2.043000	18.7445	0.0995	0.3075
2.044000	18.7048	0.0572	0.1787
2.045000	18.7135	0.0905	0.2805
2.046000	18.6676	0.0523	0.1636
2.047000	18.6191	0.0283	0.0887
2.048000	18.6627	0.0102	0.0322
2.049000	18.7117	0.0198	0.0620
2.050000	18.7585	0.0248	0.0777
2.051000	18.7563	0.0269	0.0843
2.052000	18.6873	-0.0127	-0.0400
2.053000	18.6140	-0.0432	-0.1354
2.054000	18.6437	-0.0255	-0.0801
2.055000	18.6305	-0.0753	-0.2344
2.056000	18.6178	-0.0707	-0.2204
2.057000	18.6186	-0.1153	-0.3543
2.058000	18.6164	-0.1557	-0.4698
2.059000	18.6092	-0.1156	-0.3552
2.060000	18.5898	-0.0863	-0.2677
2.061000	18.6143	-0.0825	-0.2562
2.062000	18.5883	-0.0983	-0.3038
2.063000	18.6086	-0.1330	-0.4057
2.064000	18.5787	-0.1897	-0.5612
2.065000	18.5769	-0.1465	-0.4442
2.066000	18.6142	-0.1492	-0.4516
2.067000	18.6250	-0.1190	-0.3652
2.068000	18.6502	-0.1305	-0.3985
2.069000	18.6237	-0.1103	-0.3397
2.070000	18.5889	-0.1013	-0.3128
2.071000	18.5781	-0.0679	-0.2116
2.072000	18.6056	-0.1051	-0.3242
2.073000	18.5509	-0.1184	-0.3634
2.074000	18.5804	-0.0966	-0.2988
2.075000	18.6103	-0.1554	-0.4692
2.076000	18.6445	-0.1233	-0.3778
2.077000	18.6470	-0.0980	-0.3030
2.078000	18.6613	-0.1024	-0.3162
2.079000	18.6676	-0.0311	-0.0975
2.080000	18.6787	-0.0259	-0.0812
2.081000	18.6893	-0.0409	-0.1282
2.082000	18.7325	-0.0513	-0.1604
2.083000	18.7891	-0.1273	-0.3893
2.084000	18.7579	-0.1201	-0.3685
2.085000	18.7319	-0.1027	-0.3170
2.086000	18.7723	-0.0856	-0.2657
2.087000	18.7791	-0.0159	-0.0499
2.088000	18.7710	-0.0045	-0.0142
2.089000	18.7993	0.0141	0.0443
2.090000	18.8058	-0.0263	-0.0825
2.091000	18.8456	-0.1116	-0.3435
2.092000	18.8868	-0.1122	-0.3453
2.093000	18.9051	-0.1524	-0.4606
2.094000	18.9707	-0.1294	-0.3956
2.095000	19.0319	-0.1177	-0.3615
2.096000	19.0512	-0.1085	-0.3344
2.097000	19.0121	-0.1198	-0.3677
2.098000	19.0254	-0.1456	-0.4417
2.099000	18.9717	-0.1233	-0.3778
2.100000	18.9414	-0.1278	-0.3907
2.101000	19.0118	-0.1731	-0.5173
2.102000	19.0492	-0.1959	-0.5774
2.103000	19.1120	-0.1883	-0.5577
2.104000	19.0825	-0.1905	-0.5634
2.105000	19.1378	-0.2021	-0.5931
2.106000	19.1397	-0.1283	-0.3923
2.107000	19.1479	-0.1269	-0.3882
2.108000	19.1529	-0.0728	-0.2268
2.109000	19.2008	-0.0759	-0.2362
2.110000	19.2918	-0.1083	-0.3338
2.111000	19.2519	-0.1025	-0.3164
2.112000	19.2813	-0.0343	-0.1076
2.113000	19.2653	-0.0581	-0.1816
2.114000	19.2599	-0.1093	-0.3366
2.115000	19.2704	-0.0893	-0.2769
2.116000	19.1920	-0.1164	-0.3575
2.117000	19.1657	-0.1091	-0.3361
2.118000	19.1739	-0.0467	-0.1461
2.119000	19.2176	-0.0682	-0.2126
2.120000	19.2479	-0.0295	-0.0926
2.121000	19.3041	-0.0288	-0.0903
2.122000	19.3798	-0.0643	-0.2005
2.123000	19.3951	-0.0781	-0.2429
2.124000	19.4330	-0.0875	-0.2713
2.125000	19.4295	-0.0312	-0.0980
2.126000	19.3817	-0.0126	-0.0396
2.127000	19.3868	0.0194	0.0609
2.128000	19.4230	0.0367	0.1150
2.129000	19.3422	0.0674	0.2102
2.130000	19.3847	0.0826	0.2567
2.131000	19.3430	0.0884	0.2742
2.132000	19.3291	0.0937	0.2901
2.133000	19.2872	0.1569	0.4731
2.134000	19.2828	0.2005	0.5891
2.135000	19.2844	0.2406	0.6859
2.136000	19.2776	0.2554	0.7190
2.137000	19.3102	0.2839	0.7782
2.138000	19.2873	0.2700	0.7501
2.139000	19.3094	0.2707	0.7515
2.140000	19.2588	0.3017	0.8121
2.141000	19.2683	0.3028	0.8142
2.142000	19.2800	0.2982	0.8057
2.143000	19.3699	0.2447	0.6952
2.144000	19.3594	0.2270	0.6542
2.145000	19.3744	0.2043	0.5988
2.146000	19.3788	0.2245	0.6482
2.147000	19.3814	0.2346	0.6721
2.148000	19.3929	0.2389	0.6820
2.149000	19.3944	0.2374	0.6786
2.150000	19.3920	0.1407	0.4278
2.151000	19.3885	0.1630	0.4899
2.152000	19.4132	0.0907	0.2810
2.153000	19.4080	0.1293	0.3951
2.154000	19.4433	0.0554	0.1732
2.155000	19.4427	0.0366	0.1146
2.156000	19.4281	0.0233	0.0730
2.157000	19.4434	0.0870	0.2698
2.158000	19.4126	0.0883	0.2740
2.159000	19.3932	0.1292	0.3950
2.160000	19.4199	0.1797	0.5350
2.161000	19.4332	0.1708	0.5111
2.162000	19.4315	0.2052	0.6008
2.163000	19.3833	0.1760	0.5250
2.164000	19.3975	0.1520	0.4596
2.165000	19.4321	0.1481	0.4487
2.166000	19.4504	0.1029	0.3176
2.167000	19.4400	0.1073	0.3308
2.168000	19.4281	0.1068	0.3294
2.169000	19.3746	0.1420	0.4315
2.170000	19.4403	0.1658	0.4976
2.171000	19.4194	0.1738	0.5194
2.172000	19.4311	0.1364	0.4154
2.173000	19.3965	0.1982	0.5832
2.174000	19.3891	0.2050	0.6004
2.175000	19.4048	0.2314	0.6646
2.176000	19.4126	0.2400	0.6846
2.177000	19.4665	0.2509	0.7092
2.178000	19.5033	0.2866	0.7836
2.179000	19.5277	0.2812	0.7730
2.180000	19.5304	0.3613	0.9066
2.181000	19.5371	0.3485	0.8889
2.182000	19.5299	0.3254	0.8533
2.183000	19.5413	0.3278	0.8573
2.184000	19.5769	0.3669	0.9138
2.185000	19.6121	0.3754	0.9244
2.186000	19.5985	0.3878	0.9385
2.187000	19.5861	0.4104	0.9606
2.188000	19.6092	0.3914	0.9424
2.189000	19.6161	0.3997	0.9508
2.190000	19.6227	0.3840	0.9343
2.191000	19.5749	0.3737	0.9223
2.192000	19.6368	0.4038	0.9546
2.193000	19.6559	0.3774	0.9268
2.194000	19.6209	0.3449	0.8835
2.195000	19.6254	0.3025	0.8135
2.196000	19.6302	0.2930	0.7959
2.197000	19.6590	0.2295	0.6602
2.198000	19.6972	0.1854	0.5502
2.199000	19.6612	0.1522	0.4602
2.200000	19.6509	0.1925	0.5687
2.201000	19.6583	0.1654	0.4966
2.202000	19.5974	0.1544	0.4662
2.203000	19.5899	0.1262	0.3861
2.204000	19.6128	0.1795	0.5345
2.205000	19.6400	0.1762	0.5256
2.206000	19.6151	0.1898	0.5615
2.207000	19.6221	0.1898	0.5617
2.208000	19.6539	0.2230	0.6446
2.209000	19.6385	0.2488	0.7045
2.210000	19.6220	0.2602	0.7294
2.211000	19.6258	0.2330	0.6683
2.212000	19.6526	0.2234	0.6456
2.213000	19.6323	0.1926	0.5689
2.214000	19.6632	0.1593	0.4797
2.215000	19.6566	0.1213	0.3719
2.216000	19.6670	0.0977	0.3020
2.217000	19.6922	0.0937	0.2901
2.218000	19.6783	0.1218	0.3735
2.219000	19.6970	0.1086	0.3345
2.220000	19.7177	0.0514	0.1607
2.221000	19.7824	0.0145	0.0454
2.222000	19.8061	0.0135	0.0425
2.223000	19.7810	-0.0207	-0.0649
2.224000	19.7628	-0.0436	-0.1365
2.225000	19.7706	-0.0412	-0.1291
2.226000	19.7539	-0.0090	-0.0282
2.227000	19.7371	-0.0219	-0.0688
2.228000	19.7554	-0.0099	-0.0310
2.229000	19.7961	-0.0775	-0.2411
2.230000	19.7573	-0.0711	-0.2214
2.231000	19.7423	-0.0640	-0.1998
2.232000	19.7286	-0.0210	-0.0660
2.233000	19.7519	-0.0261	-0.0818
2.234000	19.7498	0.0103	0.0325
2.235000	19.6856	0.0411	0.1288
2.236000	19.6843	0.0506	0.1582
2.237000	19.6169	-0.0148	-0.0464
2.238000	19.6585	-0.0096	-0.0301
2.239000	19.6720	-0.0232	-0.0728
2.240000	19.6664	0.0011	0.0034
2.241000	19.6412	0.0267	0.0839
2.242000	19.6978	-0.0034	-0.0107
2.243000	19.6660	0.0298	0.0934
2.244000	19.6767	0.0400	0.1255
2.245000	19.7177	0.0302	0.0948
2.246000	19.6943	0.0494	0.1545
2.247000	19.7205	0.0578	0.1805
2.248000	19.7642	0.0768	0.2390
2.249000	19.7638	0.0843	0.2619
2.250000	19.7161	0.0826	0.2567
2.251000	19.6997	0.0430	0.1348
2.252000	19.6833	0.0634	0.1979
2.253000	19.6978	0.1046	0.3227
2.254000	19.7288	0.0861	0.2673
2.255000	19.7501	0.0602	0.1879
2.256000	19.7637	0.0395	0.1237
2.257000	19.8344	0.0378	0.1184
2.258000	19.8925	0.0585	0.1828
2.259000	19.8209	0.0376	0.1179
2.260000	19.8428	0.0442	0.1384
2.261000	19.7987	0.0996	0.3078
2.262000	19.8358	0.1124	0.3459
2.263000	19.8391	0.0714	0.2224
2.264000	19.8357	0.1021	0.3153
2.265000	19.8396	0.0696	0.2170
2.266000	19.8593	0.0229	0.0718
2.267000	19.7918	0.0128	0.0402
2.268000	19.7585	0.0004	0.0012
2.269000	19.7297	0.0112	0.0351
2.270000	19.7476	-0.0352	-0.1102
2.271000	19.7574	-0.0554	-0.1732
2.272000	19.7210	-0.0298	-0.0935
2.273000	19.7423	-0.0634	-0.1978
2.274000	19.7572	-0.0884	-0.2742
2.275000	19.7214	-0.0923	-0.2858
2.276000	19.7140	-0.1140	-0.3505
2.277000	19.7748	-0.0983	-0.3038
2.278000	19.7605	-0.1276	-0.3901
2.279000	19.7522	-0.1777	-0.5298
2.280000	19.7674	-0.1111	-0.3421
2.281000	19.7678	-0.0223	-0.0701
2.282000	19.7793	-0.0557	-0.1742
2.283000	19.7576	-0.0801	-0.2491
2.284000	19.7833	-0.0737	-0.2296
2.285000	19.7666	-0.0921	-0.2854
2.286000	19.7513	-0.0757	-0.2356
2.287000	19.7552	-0.1070	-0.3300
2.288000	19.7245	-0.1501	-0.4543
2.289000	19.6954	-0.1707	-0.5109
2.290000	19.7205	-0.1394	-0.4241
2.291000	19.6963	-0.1201	-0.3684
2.292000	19.7214	-0.1091	-0.3361
2.293000	19.6888	-0.0713	-0.2221
2.294000	19.7010	-0.0890	-0.2759
2.295000	19.6897	-0.0614	-0.1918
2.296000	19.7156	-0.0219	-0.0688
2.297000	19.7066	-0.0046	-0.0145
2.298000	19.7540	-0.0077	-0.0242
2.299000	19.8223	0.0207	0.0649
2.300000	19.8356	0.0376	0.1178
2.301000	19.8491	0.0110	0.0346
2.302000	19.8060	0.0389	0.1219
2.303000	19.8056	0.0250	0.0783
2.304000	19.8193	0.0644	0.2011
2.305000	19.8323	0.0741	0.2306
2.306000	19.8856	0.0496	0.1551
2.307000	19.9115	0.0027	0.0085
2.308000	19.8729	0.0055	0.0174
2.309000	19.8818	0.0772	0.2403
2.310000	19.9280	0.1161	0.3566
2.311000	19.9083	0.0929	0.2877
2.312000	19.9440	0.0855	0.2654
2.313000	19.9652	0.1085	0.3344
2.314000	19.9040	0.1339	0.4084
2.315000	19.9059	0.1183	0.3631
2.316000	19.8891	0.1020	0.3151
2.317000	19.9102	0.0556	0.1737
2.318000	19.9762	0.0661	0.2060
2.319000	19.9893	0.0992	0.3065
2.320000	19.9895	0.1015	0.3135
2.321000	19.9438	0.1056	0.3257
2.322000	19.9712	0.1672	0.5014
2.323000	19.9475	0.1627	0.4893
2.324000	19.9336	0.1851	0.5494
2.325000	19.9817	0.2773	0.7650
2.326000	19.9974	0.2687	0.7473
2.327000	20.0183	0.2177	0.6319
