2.000000	1.528137	0.950000
-2.241743
2.608257
2.348257
2.098257
2.348257
-1.891743
-2.771743
1.748257
-3.111743
-2.971743
2.298257
1.478257
3.088257
2.018257
2.988257
2.738257
1.848257
1.978257
2.238257
2.798257
1.638257
-1.481743
-2.551743
3.078257
2.088257
1.998257
1.838257
1.438257
1.938257
2.598257
-1.811743
-2.241743
2.018257
-2.981743
-2.021743
2.678257
-1.921743
-2.311743
-1.901743
2.408257
2.938257
2.508257
-2.961743
1.308257
2.538257
-3.071743
3.028257
-2.881743
-2.911743
-2.051743
-2.491743
-2.331743
-2.901743
-2.711743
-2.881743
-2.861743
-2.941743
-2.291743
2.068257
2.518257
-3.031743
1.778257
-2.021743
2.748257
-2.261743
2.438257
-1.951743
-2.251743
2.798257
2.298257
2.988257
2.248257
3.108257
2.568257
2.378257
-1.411743
-2.351743
-2.021743
-3.021743
3.028257
1.368257
-2.111743
2.298257
-2.401743
1.998257
2.158257
2.048257
3.088257
-2.051743
-2.511743
2.688257
3.008257
-2.871743
-2.741743
2.808257
-2.621743
2.738257
-2.141743
-1.851743
2.418257
2.848257
2.278257
2.608257
2.238257
2.558257
2.428257
-2.531743
-2.501743
2.398257
-2.931743
2.228257
2.648257
2.698257
-2.271743
3.108257
2.428257
-2.971743
2.808257
1.838257
1.898257
-2.851743
2.638257
2.208257
-2.041743
-1.981743
3.088257
1.468257
2.238257
-3.041743
-2.071743
-2.851743
2.748257
-2.031743
2.728257
-1.811743
-2.471743
-2.091743
2.398257
-2.121743
2.128257
-2.541743
2.268257
2.268257
2.048257
2.988257
-3.081743
3.008257
1.758257
2.538257
2.868257
-3.121743
-2.331743
-1.951743
-1.891743
-2.971743
2.258257
-2.541743
3.018257
-2.431743
2.958257
-1.631743
2.948257
2.288257
-2.761743
3.058257
2.118257
-2.211743
1.518257
-2.251743
-2.311743
2.868257
-2.731743
-2.741743
-2.711743
2.168257
2.488257
-2.921743
-2.341743
2.308257
-2.601743
2.858257
2.958257
-2.501743
-2.101743
2.808257
-2.391743
-3.141743
-2.891743
-3.081743
2.688257
-1.971743
1.988257
-2.451743
2.358257
3.128257
2.088257
-2.651743
1.838257
2.768257
-3.011743
-2.261743
-2.121743
2.328257
-2.191743
-2.381743
2.478257
-1.781743
-2.931743
2.798257
-2.021743
1.668257
-2.061743
-2.591743
1.958257
-2.991743
-2.871743
-2.941743
-2.521743
-3.011743
2.148257
-2.991743
-2.241743
2.648257
1.788257
-1.951743
2.858257
-2.791743
2.748257
-2.401743
-2.191743
-3.121743
-1.961743
-1.781743
2.208257
-2.071743
3.008257
2.238257
-3.091743
-2.291743
1.698257
2.728257
-2.601743
-2.321743
2.818257
2.468257
2.838257
-2.901743
-2.211743
-2.941743
-2.481743
-2.651743
2.558257
-2.721743
-2.831743
1.688257
-2.641743
2.318257
-2.941743
2.128257
-1.721743
-2.691743
2.478257
-2.361743
2.308257
-2.961743
2.928257
2.978257
-2.991743
2.608257
-2.381743
2.728257
3.108257
-2.331743
-2.221743
-2.241743
3.088257
1.908257
1.788257
-2.641743
-2.621743
2.138257
2.998257
-2.041743
2.818257
-2.781743
2.718257
1.728257
-2.121743
2.858257
2.908257
2.668257
3.058257
2.158257
2.168257
2.918257
-2.331743
2.078257
-2.111743
3.038257
-2.901743
-2.601743
2.448257
-2.341743
1.138257
-2.891743
2.868257
2.408257
-2.331743
-2.861743
-2.921743
-2.741743
-2.631743
2.988257
2.698257
2.198257
1.768257
2.338257
-2.651743
-2.861743
2.408257
-2.911743
-2.511743
2.208257
-2.321743
2.798257
2.188257
-2.981743
2.558257
2.908257
3.018257
-2.531743
-2.381743
-2.061743
-2.481743
-2.931743
3.098257
-2.861743
-2.181743
-2.281743
-2.741743
2.658257
2.308257
2.818257
-1.831743
2.388257
-2.701743
2.868257
-2.641743
2.458257
-2.981743
2.528257
-2.811743
-2.851743
1.998257
2.938257
-1.971743
1.218257
2.968257
-2.191743
-1.921743
1.948257
2.458257
-2.691743
-2.841743
-2.501743
-2.601743
-2.491743
-2.441743
-2.611743
1.728257
-1.951743
-2.061743
-2.511743
2.778257
-2.951743
-1.971743
-3.071743
1.978257
2.258257
-1.051743
1.258257
-2.661743
-3.031743
-1.641743
2.278257
2.108257
1.938257
-2.981743
-2.351743
2.628257
2.108257
3.098257
-1.891743
-2.101743
1.888257
-2.171743
-2.971743
2.668257
-3.051743
-2.741743
2.768257
-2.681743
1.868257
-2.571743
-1.711743
2.388257
2.498257
-3.021743
-2.351743
-2.861743
1.898257
-2.591743
2.828257
-2.941743
-2.841743
2.938257
-2.211743
2.138257
-2.851743
2.828257
2.448257
2.738257
2.858257
-1.531743
1.898257
2.398257
2.478257
-2.791743
2.588257
-2.881743
-3.031743
-1.841743
2.978257
2.318257
2.128257
2.958257
-1.831743
-2.401743
3.098257
2.818257
-2.371743
-2.561743
1.348257
2.978257
-2.441743
2.228257
-1.731743
2.218257
3.048257
-2.081743
2.018257
2.158257
-3.061743
-1.951743
3.078257
2.268257
2.728257
-2.751743
2.948257
2.698257
-2.651743
2.828257
-2.551743
-2.591743
-1.761743
-2.051743
-2.751743
2.438257
-2.021743
-2.471743
2.328257
-2.991743
-2.351743
2.598257
-2.801743
2.758257
-2.881743
-1.151743
-2.311743
2.518257
3.028257
-2.801743
-2.341743
2.328257
2.308257
-3.111743
2.458257
1.698257
-1.251743
-2.381743
-2.451743
-1.551743
2.348257
-2.351743
2.738257
2.138257
-2.481743
-1.511743
2.828257
1.888257
2.548257
2.768257
2.618257
-2.601743
3.128257
1.938257
2.808257
-2.451743
2.178257
3.018257
-3.141743
-2.631743
-2.401743
2.408257
-2.591743
1.468257
2.308257
-2.691743
2.878257
-2.451743
2.998257
2.828257
-2.581743
2.458257
3.068257
-2.341743
2.528257
3.078257
2.688257
1.458257
2.098257
2.678257
2.528257
-2.241743
-2.381743
-3.101743
2.388257
2.878257
-0.171743
2.048257
2.908257
-1.741743
-2.601743
2.068257
2.838257
2.368257
2.638257
-2.081743
2.548257
-3.131743
2.688257
2.278257
-2.471743
2.008257
-2.861743
1.718257
3.038257
1.858257
-2.721743
-2.051743
2.148257
-2.951743
3.018257
-2.511743
-3.051743
-2.141743
1.668257
2.888257
-3.031743
-2.981743
2.498257
-2.851743
3.008257
2.688257
2.048257
2.798257
2.528257
2.058257
-2.241743
-2.361743
2.538257
-2.461743
-2.241743
2.668257
-1.521743
2.968257
2.838257
2.068257
-1.881743
0.838257
2.628257
-2.961743
-2.631743
2.798257
-2.911743
-1.461743
-0.771743
-2.791743
-2.691743
2.418257
-2.911743
2.358257
2.578257
-1.961743
-2.301743
-2.931743
-2.361743
2.808257
-3.051743
-2.201743
2.588257
2.948257
-2.591743
2.538257
2.148257
2.698257
-3.081743
-2.941743
1.968257
3.048257
2.458257
2.648257
3.048257
-2.061743
-2.881743
2.648257
-2.951743
-2.751743
-2.001743
2.518257
-2.021743
2.708257
-0.801743
2.318257
1.568257
2.508257
-2.651743
2.718257
2.878257
-1.451743
-3.001743
-2.371743
2.198257
-2.501743
-2.441743
-1.881743
2.478257
-2.971743
-3.071743
2.348257
3.078257
1.428257
-2.941743
-2.091743
3.038257
-1.981743
-2.401743
2.578257
-2.331743
-2.971743
-3.041743
-1.641743
-2.631743
-1.991743
2.438257
-3.071743
-1.991743
2.298257
-2.681743
2.588257
2.668257
2.668257
2.988257
-1.891743
-2.101743
-3.031743
3.068257
1.868257
-3.061743
1.528257
-2.371743
3.108257
-2.471743
3.108257
2.808257
-2.161743
3.038257
-1.641743
2.008257
2.008257
-2.321743
2.198257
2.148257
-0.851743
-2.361743
2.768257
1.798257
-3.121743
2.898257
2.318257
-2.611743
1.188257
1.818257
2.248257
2.208257
2.698257
2.908257
3.038257
2.328257
1.538257
2.808257
-2.751743
2.508257
2.488257
1.488257
2.348257
-2.861743
-2.401743
-3.081743
2.508257
2.518257
3.088257
-2.321743
-2.861743
-2.161743
3.078257
1.088257
-3.111743
1.898257
-1.861743
-2.901743
-2.921743
2.518257
2.438257
2.148257
-3.071743
2.788257
2.288257
-2.871743
2.228257
2.178257
3.128257
-2.741743
-1.921743
-2.641743
-2.861743
-2.661743
-2.151743
3.058257
1.978257
-3.011743
-2.831743
-2.311743
2.208257
1.988257
1.638257
2.058257
-3.131743
-2.381743
2.318257
2.388257
2.098257
-2.641743
1.698257
-2.371743
3.028257
2.828257
1.898257
2.128257
2.638257
2.908257
-2.321743
2.278257
3.078257
2.748257
-2.961743
-3.001743
-1.751743
3.108257
-2.971743
1.808257
2.318257
-2.211743
-0.561743
2.588257
-2.951743
-2.871743
-3.091743
-2.901743
-2.091743
2.748257
2.748257
2.278257
-3.111743
-2.751743
3.058257
-2.441743
2.458257
-2.631743
1.258257
-1.791743
-2.151743
2.418257
1.958257
2.728257
2.328257
-2.831743
2.858257
1.868257
2.698257
-3.121743
-2.031743
-2.281743
-2.841743
3.058257
-2.901743
-2.551743
2.478257
-2.571743
-2.671743
-1.871743
2.898257
-1.851743
2.628257
2.248257
-2.881743
-3.141743
-2.811743
2.148257
2.858257
2.528257
2.528257
-2.921743
-3.141743
2.518257
2.258257
2.528257
-2.611743
2.158257
2.108257
1.488257
2.988257
3.128257
2.008257
2.988257
-3.051743
-3.141743
2.648257
2.288257
2.298257
3.118257
-3.101743
-2.111743
-3.111743
-2.541743
-2.971743
-1.711743
2.248257
-2.531743
-2.881743
2.328257
2.858257
2.238257
-2.181743
2.698257
2.288257
2.338257
1.648257
2.218257
2.398257
3.138257
2.098257
-2.901743
2.728257
-1.941743
2.198257
3.068257
-2.911743
-2.081743
-2.761743
-2.491743
-3.071743
-2.381743
2.258257
2.878257
-2.321743
-2.111743
-2.641743
3.048257
2.308257
2.288257
-1.781743
1.728257
-1.981743
-2.901743
2.098257
2.438257
-2.261743
-2.321743
-2.981743
-2.861743
2.888257
-2.211743
-2.521743
2.828257
1.658257
2.808257
-2.551743
1.598257
1.528257
-1.631743
-1.991743
-1.101743
-2.741743
0.778257
-2.101743
-2.951743
1.678257
-1.991743
-2.291743
2.398257
-2.361743
-2.301743
2.168257
2.288257
1.918257
-1.971743
3.098257
2.888257
2.218257
-2.181743
2.128257
2.548257
-2.651743
2.378257
1.528257
-2.121743
-2.201743
1.988257
-2.751743
3.138257
-2.261743
-2.591743
2.738257
-2.711743
-2.341743
2.418257
-1.551743
-3.071743
-2.711743
-2.281743
2.128257
2.538257
-3.011743
2.418257
2.868257
-2.891743
2.618257
-2.891743
2.738257
1.308257
2.748257
1.788257
1.678257
-3.131743
-3.091743
-2.291743
2.218257
-2.941743
-2.561743
2.368257
-2.981743
-1.771743
-1.821743
-1.611743
2.108257
2.298257
1.918257
-1.891743
2.958257
2.638257
1.828257
2.538257
-2.101743
3.138257
-2.341743
2.138257
2.068257
-2.451743
2.188257
2.538257
2.358257
-3.101743
2.918257
-2.161743
2.638257
2.488257
-2.611743
1.808257
-2.291743
-2.511743
3.138257
1.928257
-2.891743
-3.001743
-2.711743
2.058257
-1.791743
-1.661743
-2.231743
2.698257
-2.411743
1.618257
2.158257
2.908257
-2.581743
2.588257
-1.311743
-2.731743
1.368257
3.088257
2.518257
2.228257
2.388257
-2.541743
-3.131743
-1.961743
2.968257
1.878257
-2.381743
-2.871743
2.698257
2.298257
-3.021743
2.988257
1.968257
1.808257
-2.331743
2.168257
-2.161743
1.898257
-2.471743
2.328257
0.608257
-1.721743
-3.001743
2.178257
-3.081743
-2.241743
-2.791743
-2.111743
-1.861743
-1.771743
-2.471743
-1.351743
2.368257
-1.881743
-3.001743
2.528257
2.578257
-2.871743
-3.121743
2.048257
-2.281743
3.008257
-2.461743
2.778257
-1.851743
-2.461743
-2.731743
1.788257
-2.661743
2.038257
-2.521743
2.818257
-2.591743
-1.581743
3.118257
2.878257
-2.641743
-2.581743
2.818257
-2.891743
3.048257
1.998257
-3.101743
-2.651743
2.928257
2.358257
2.698257
2.918257
2.718257
-3.021743
-2.571743
2.988257
-2.511743
-2.071743
3.118257
-2.481743
2.298257
-2.001743
-2.091743
3.008257
2.368257
-2.441743
2.278257
-2.181743
2.708257
2.678257
-3.031743
2.968257
-3.071743
3.028257
2.978257
-2.261743
-3.121743
2.578257
-2.461743
2.608257
-2.491743
1.328257
2.538257
-2.601743
2.978257
2.658257
3.098257
2.448257
-2.591743
-2.191743
3.078257
-2.431743
-2.111743
-2.971743
1.998257
2.948257
1.528257
-3.081743
-2.781743
2.378257
-2.271743
-1.791743
3.118257
2.958257
-1.761743
-1.801743
2.818257
-2.471743
-2.881743
2.438257
1.858257
2.438257
-2.471743
2.048257
1.798257
-2.571743
-3.061743
-3.031743
2.398257
-2.371743
2.548257
2.268257
-2.441743
-2.111743
1.708257
2.808257
1.588257
-1.841743
-3.111743
-2.251743
-2.381743
-2.001743
2.978257
-2.301743
-2.801743
2.228257
-2.701743
2.418257
-2.731743
-2.561743
2.058257
1.888257
-2.371743
-2.961743
3.008257
-2.841743
-3.081743
-1.771743
-2.801743
2.048257
2.118257
-2.871743
3.028257
2.618257
2.968257
3.008257
3.098257
-2.071743
2.308257
-3.111743
1.048257
3.078257
2.968257
2.028257
1.798257
-2.021743
2.268257
-2.901743
-2.761743
-2.341743
1.778257
-2.551743
3.128257
-1.971743
-3.121743
-2.661743
-2.771743
-3.131743
2.268257
1.918257
3.118257
3.078257
-1.701743
2.948257
2.938257
-3.001743
-2.321743
3.008257
2.198257
1.948257
-2.661743
-2.851743
-2.711743
-2.221743
1.858257
1.878257
-1.801743
2.928257
-2.671743
2.238257
2.308257
-2.351743
-2.521743
-2.241743
2.468257
2.408257
2.948257
2.348257
-2.831743
-1.921743
-2.491743
-2.001743
-3.111743
-2.451743
2.158257
2.628257
-2.821743
-2.221743
2.278257
-2.901743
-2.821743
2.338257
-2.691743
2.398257
-2.171743
-2.891743
2.758257
-2.211743
2.488257
2.748257
-2.351743
2.168257
-2.461743
1.988257
2.358257
1.698257
2.928257
2.998257
-2.151743
2.008257
-2.691743
3.028257
-2.451743
-2.881743
2.658257
-3.051743
1.738257
-2.081743
2.448257
2.058257
-2.361743
2.708257
2.488257
2.388257
-2.561743
-2.391743
-2.271743
-2.981743
-1.931743
2.378257
2.878257
1.698257
-3.091743
-2.251743
-2.311743
-2.171743
2.498257
-2.691743
-2.341743
2.888257
-2.671743
-2.621743
3.038257
-2.211743
3.098257
2.998257
-2.361743
2.178257
3.038257
2.738257
1.768257
-1.901743
-1.581743
-2.581743
-2.071743
-2.821743
1.558257
-2.241743
2.658257
2.918257
-1.831743
2.988257
-1.831743
1.948257
2.928257
-1.631743
2.448257
2.518257
2.548257
-2.051743
2.758257
2.158257
-2.521743
-1.051743
-2.581743
0.888257
2.858257
-2.831743
2.808257
2.208257
2.208257
-2.471743
2.958257
-2.571743
-2.161743
2.018257
2.958257
-2.531743
2.938257
-1.381743
-3.111743
2.878257
2.708257
2.208257
2.148257
2.598257
-2.791743
2.898257
-2.651743
2.128257
-1.691743
-2.261743
2.918257
2.208257
1.798257
-2.671743
-2.241743
2.768257
-2.231743
2.268257
2.538257
-3.101743
2.278257
-2.611743
2.988257
-1.611743
2.468257
2.948257
1.718257
-1.031743
-2.541743
-2.451743
2.418257
-1.941743
-2.511743
2.778257
-2.641743
-2.681743
3.108257
-2.731743
-2.101743
-2.571743
-1.971743
2.308257
-2.681743
-2.021743
2.728257
3.008257
1.758257
-1.881743
-3.121743
2.398257
-1.461743
1.598257
2.428257
-2.681743
-2.691743
2.538257
-2.741743
1.398257
-2.431743
-2.371743
2.098257
-2.121743
-1.801743
-2.901743
-2.311743
-2.661743
2.868257
-2.501743
-2.331743
2.128257
2.868257
2.718257
-3.121743
-2.601743
-2.241743
2.738257
-2.201743
2.608257
-2.391743
-2.491743
-2.711743
-2.511743
-3.121743
2.638257
2.428257
-2.761743
2.468257
2.548257
2.208257
2.608257
-2.521743
-2.711743
-3.141743
2.588257
2.488257
-2.631743
1.868257
2.178257
-3.081743
2.918257
-1.631743
2.298257
-0.841743
2.378257
2.148257
2.828257
2.718257
-2.491743
-2.981743
2.378257
2.308257
-1.891743
2.508257
-2.381743
-2.181743
-2.871743
1.948257
2.998257
0.808257
2.688257
-2.461743
2.818257
2.848257
-1.691743
3.018257
-2.911743
2.838257
2.988257
1.998257
2.678257
-2.711743
2.208257
-2.061743
2.368257
-2.721743
2.768257
2.788257
2.858257
1.048257
1.708257
2.658257
2.348257
-2.851743
-2.281743
-1.651743
2.578257
2.658257
-2.571743
2.478257
2.218257
-2.831743
2.038257
2.618257
1.808257
2.728257
2.398257
-1.571743
-2.361743
-2.131743
-3.041743
2.498257
2.988257
2.398257
2.878257
-2.211743
-1.391743
-3.061743
2.638257
2.438257
-2.561743
2.808257
2.658257
-2.281743
-2.401743
2.998257
-1.991743
-1.761743
-1.651743
-2.201743
-2.411743
-2.921743
-2.871743
2.588257
-1.861743
3.038257
2.568257
-2.381743
3.038257
2.848257
-2.041743
-2.891743
-2.281743
-2.831743
2.478257
-1.861743
2.828257
-2.551743
-2.511743
-2.491743
1.338257
-2.721743
-2.481743
-1.711743
-2.581743
-2.081743
-2.411743
1.848257
-2.841743
-1.901743
-2.741743
2.448257
2.368257
-2.981743
2.528257
2.368257
-2.661743
2.388257
3.068257
-3.041743
1.518257
-3.021743
3.068257
2.978257
1.928257
3.038257
2.558257
-1.851743
2.178257
-1.611743
1.638257
-2.761743
-2.881743
-2.001743
2.418257
-2.361743
3.078257
1.738257
3.048257
-1.981743
-1.331743
-2.581743
-2.301743
2.248257
1.968257
2.638257
3.098257
-2.821743
2.368257
-2.411743
-2.111743
-2.731743
-2.311743
-2.541743
2.588257
2.168257
2.418257
-2.791743
-2.471743
-2.841743
-3.071743
-2.071743
2.608257
2.618257
2.298257
-2.961743
-2.971743
-2.871743
-2.921743
-2.131743
-2.981743
1.668257
-2.531743
2.098257
2.438257
-2.181743
2.838257
2.548257
2.998257
2.828257
2.868257
-2.991743
2.448257
-2.691743
2.068257
-2.831743
-1.301743
2.208257
2.438257
-2.051743
2.148257
2.398257
-1.941743
1.538257
-2.241743
-2.881743
2.708257
2.978257
2.968257
-3.091743
1.678257
-2.281743
2.088257
2.368257
1.918257
2.958257
2.828257
-1.621743
-2.091743
2.588257
2.308257
2.708257
-2.771743
2.838257
2.568257
0.368257
1.758257
3.088257
-1.921743
-1.821743
-2.981743
-2.621743
-2.771743
2.798257
2.678257
-2.491743
2.328257
2.248257
-2.441743
-2.771743
-3.091743
3.078257
2.718257
1.788257
-1.751743
2.068257
2.048257
-2.791743
2.968257
2.868257
-2.901743
2.538257
-2.931743
2.588257
2.928257
-2.741743
-2.521743
-2.031743
2.648257
3.078257
-3.051743
1.928257
-3.021743
2.848257
-2.161743
2.978257
3.078257
2.178257
-1.991743
-2.241743
2.108257
2.648257
-2.671743
-2.541743
-1.691743
2.228257
-2.501743
-2.251743
-2.481743
2.468257
2.778257
2.598257
3.028257
-1.761743
1.588257
2.998257
3.078257
-3.141743
-2.761743
2.518257
2.278257
2.228257
2.888257
3.088257
2.678257
0.258257
-2.841743
-1.931743
-1.601743
2.778257
-2.781743
2.868257
-2.801743
-2.741743
1.498257
-2.721743
-2.021743
-2.281743
3.128257
3.118257
-2.721743
2.308257
2.908257
1.908257
-1.891743
-2.461743
-1.601743
2.908257
-2.631743
-1.951743
2.598257
-2.551743
-2.511743
-3.131743
-2.321743
2.138257
-2.831743
2.138257
-2.411743
2.268257
2.188257
-3.111743
-3.081743
1.848257
3.108257
2.828257
2.618257
1.828257
0.458257
1.848257
2.328257
-2.751743
-2.451743
3.078257
-2.621743
-2.821743
2.798257
-2.511743
2.068257
2.008257
-3.131743
2.238257
2.248257
2.778257
2.948257
-3.051743
3.028257
1.938257
2.318257
1.798257
2.768257
1.748257
-2.181743
-3.131743
2.718257
1.938257
-2.621743
2.748257
-3.021743
2.438257
2.798257
3.098257
1.768257
-2.081743
-2.981743
1.978257
1.638257
2.608257
-2.501743
-2.921743
-2.341743
0.718257
2.148257
-1.831743
2.658257
2.678257
-2.861743
2.468257
2.518257
2.988257
2.198257
-2.311743
2.768257
-2.881743
-2.781743
2.788257
2.858257
-2.731743
2.548257
2.988257
2.928257
1.978257
-2.721743
-2.401743
1.828257
-2.581743
-2.971743
-2.821743
2.728257
-2.111743
2.538257
-1.841743
-2.611743
2.458257
2.958257
2.638257
2.618257
-2.531743
2.268257
-2.671743
-3.081743
-2.871743
-2.441743
2.488257
-2.571743
-2.871743
2.938257
2.618257
2.308257
-2.451743
3.078257
2.478257
3.078257
-3.031743
-2.511743
-3.021743
-2.111743
2.348257
2.758257
-1.781743
-2.401743
2.578257
-2.081743
-2.301743
-2.231743
-3.011743
1.938257
-2.441743
-2.151743
-3.081743
-2.921743
-1.991743
-2.721743
-2.111743
2.588257
2.258257
-2.721743
2.808257
2.198257
3.018257
2.278257
2.468257
1.558257
2.258257
2.868257
2.648257
2.838257
2.338257
-2.311743
-2.731743
-2.151743
2.648257
-3.051743
2.768257
-3.031743
-2.891743
3.058257
-2.951743
2.608257
2.228257
-2.891743
-3.081743
-2.791743
-2.881743
2.128257
2.518257
-2.591743
-3.101743
-3.031743
2.998257
-1.721743
1.738257
3.018257
2.548257
2.428257
-1.051743
1.908257
2.368257
-3.091743
1.858257
2.498257
2.928257
-2.731743
-2.951743
-2.821743
1.788257
2.688257
-1.601743
-2.461743
-2.591743
-2.531743
-2.951743
-2.831743
-1.861743
1.688257
2.428257
2.508257
-2.101743
-1.981743
1.748257
2.368257
-2.071743
-1.861743
2.048257
2.938257
-1.981743
2.568257
-2.961743
3.048257
-2.951743
2.048257
2.948257
-2.281743
2.358257
2.588257
-3.061743
2.938257
1.808257
-2.681743
-2.301743
2.708257
2.828257
-2.831743
-2.101743
-2.221743
2.368257
2.188257
-2.941743
1.728257
2.968257
-3.071743
2.428257
-2.921743
1.518257
-1.951743
-2.131743
1.808257
-2.731743
-2.041743
-2.421743
-2.171743
-2.441743
-2.191743
2.768257
1.708257
2.748257
3.108257
1.668257
2.438257
-2.541743
-2.431743
1.348257
2.828257
-2.761743
-3.011743
-1.871743
2.768257
2.398257
-2.021743
1.388257
2.278257
2.888257
2.968257
-2.911743
-2.661743
-1.661743
3.078257
2.968257
-2.871743
2.988257
2.348257
-2.541743
-2.941743
-2.381743
2.238257
3.138257
-2.371743
-2.731743
2.448257
2.878257
2.778257
-2.071743
3.028257
-2.631743
-2.231743
-2.511743
3.128257
2.518257
1.548257
-1.591743
-2.581743
2.228257
3.048257
2.668257
-2.371743
-2.841743
3.098257
2.568257
-2.731743
-3.111743
-2.931743
-2.661743
-2.861743
-2.091743
-2.001743
-2.011743
2.768257
2.968257
3.078257
-3.131743
2.978257
2.378257
-2.281743
1.468257
-2.571743
-2.781743
2.188257
-2.211743
3.058257
2.138257
2.438257
2.548257
-2.361743
2.578257
-2.801743
2.628257
1.788257
-1.711743
2.148257
-2.281743
-1.901743
-2.701743
2.848257
2.968257
2.888257
-2.691743
-3.131743
2.378257
2.438257
2.478257
-2.481743
2.178257
-2.451743
2.258257
-2.221743
-3.041743
-2.761743
2.278257
-2.621743
-3.141743
2.818257
-3.091743
-2.871743
-2.151743
2.768257
-2.791743
-2.871743
-2.031743
1.968257
-1.911743
-2.401743
-2.531743
-3.031743
2.418257
2.798257
-2.271743
2.428257
2.278257
1.738257
1.708257
-2.761743
2.808257
-3.061743
1.898257
2.918257
1.688257
1.468257
2.638257
1.798257
3.048257
1.828257
2.588257
-2.091743
-1.891743
2.848257
3.088257
-3.011743
-2.441743
2.548257
2.718257
2.258257
2.818257
-1.951743
2.738257
-3.131743
-3.131743
-2.541743
3.078257
2.088257
2.698257
2.208257
-2.321743
-1.801743
-3.141743
1.998257
-2.711743
-2.111743
-1.391743
3.028257
-3.091743
2.148257
-2.601743
2.948257
1.988257
1.578257
-2.741743
-2.491743
2.618257
-1.661743
2.088257
-2.191743
-2.641743
-2.651743
2.448257
2.468257
-1.561743
2.798257
2.378257
3.048257
2.148257
2.138257
2.218257
3.068257
-2.871743
-2.861743
2.108257
-2.161743
-2.861743
2.748257
1.678257
2.888257
-2.081743
2.428257
-2.681743
-2.111743
-2.471743
-1.851743
-2.521743
-1.771743
-2.221743
2.858257
1.798257
1.988257
-2.371743
-2.481743
-3.111743
-2.501743
-1.961743
0.888257
2.688257
-2.051743
1.608257
3.058257
2.528257
3.128257
2.998257
-3.131743
2.918257
-2.551743
-2.591743
2.318257
-1.661743
-2.541743
2.198257
-2.961743
-2.281743
-2.851743
-2.451743
2.088257
1.838257
-1.761743
-2.741743
2.238257
3.048257
1.928257
2.738257
-2.801743
-2.441743
2.478257
2.598257
-2.661743
2.248257
-2.711743
2.638257
-2.761743
-2.661743
-2.271743
2.628257
2.418257
2.258257
-1.521743
2.448257
2.388257
-2.151743
0.998257
1.878257
-1.951743
2.048257
1.768257
2.988257
2.418257
2.348257
2.208257
-2.241743
0.768257
-3.121743
-2.221743
2.198257
2.898257
2.218257
3.068257
-2.381743
-1.711743
-2.971743
-2.881743
-2.521743
2.618257
2.898257
-2.931743
2.348257
2.628257
-1.871743
-2.601743
2.078257
2.338257
-2.531743
2.398257
2.868257
3.138257
3.068257
-2.861743
2.298257
-2.671743
-2.741743
-2.281743
2.588257
2.208257
2.028257
-2.111743
2.908257
-2.261743
-1.911743
3.088257
1.788257
-2.171743
2.538257
2.828257
-2.361743
1.918257
-2.391743
2.778257
2.748257
2.578257
-2.951743
2.808257
-2.081743
3.118257
-2.691743
-2.301743
3.118257
2.908257
2.518257
2.648257
-1.481743
-2.271743
2.288257
-2.871743
-2.131743
-2.331743
-1.831743
-2.711743
2.378257
-2.511743
2.488257
-1.971743
-1.761743
2.098257
1.528257
2.658257
1.928257
2.098257
2.888257
-2.821743
-2.941743
2.768257
-3.131743
-2.361743
-2.701743
-2.171743
-3.131743
-2.201743
-2.991743
-2.291743
-2.851743
2.518257
2.998257
-2.481743
1.778257
-2.891743
2.978257
-2.751743
2.348257
2.638257
-2.911743
-2.951743
2.168257
2.328257
2.498257
2.988257
2.408257
-2.171743
2.808257
2.068257
2.658257
1.888257
2.068257
2.488257
-3.091743
-2.401743
2.658257
2.848257
2.868257
-2.461743
-2.321743
3.108257
-3.021743
2.448257
2.068257
-1.961743
2.768257
-2.981743
-1.991743
3.098257
2.328257
-3.131743
-3.071743
-2.941743
1.698257
2.908257
-3.091743
-2.431743
-2.321743
1.798257
2.268257
-2.861743
2.948257
-2.951743
2.768257
-2.951743
2.758257
-2.111743
-2.801743
-2.441743
-2.441743
1.988257
2.498257
-2.141743
2.338257
-2.981743
1.948257
-2.491743
-2.991743
-2.351743
-1.801743
2.308257
1.708257
2.608257
2.108257
2.638257
2.708257
-3.101743
2.598257
-2.231743
-1.311743
2.078257
2.248257
2.838257
-2.831743
1.928257
2.248257
-2.371743
-2.171743
-2.441743
-2.821743
2.478257
-2.251743
-2.891743
-2.961743
1.848257
-1.831743
2.108257
2.348257
-2.501743
-3.061743
1.408257
3.058257
-2.841743
-2.151743
-2.401743
-2.821743
3.128257
2.678257
2.428257
-2.021743
3.018257
-2.671743
-3.111743
-3.101743
2.188257
-0.391743
3.108257
-2.501743
3.058257
-2.291743
-2.481743
2.978257
2.638257
2.568257
-1.771743
1.118257
2.888257
-2.291743
-2.411743
2.988257
3.038257
2.428257
2.938257
-2.491743
2.198257
-2.451743
3.138257
-2.961743
-2.571743
-2.781743
2.618257
0.278257
2.538257
-1.881743
-2.191743
2.938257
-2.981743
-3.091743
-2.411743
3.068257
-2.051743
-3.001743
-3.061743
2.528257
2.038257
2.658257
-2.331743
2.498257
-2.011743
-2.191743
2.688257
2.968257
2.108257
-2.481743
-3.091743
2.558257
2.538257
-2.011743
2.938257
-2.811743
-2.781743
1.278257
-2.601743
-2.521743
2.808257
-2.701743
2.268257
2.738257
2.888257
-2.181743
-1.561743
-2.251743
-2.971743
-2.661743
-1.841743
2.928257
-2.041743
2.848257
2.658257
-2.431743
2.178257
2.808257
-3.131743
2.428257
-1.851743
1.718257
-1.841743
-2.301743
2.118257
1.788257
2.038257
-2.801743
2.908257
2.898257
-2.401743
-2.531743
2.198257
2.228257
2.688257
2.538257
2.618257
2.678257
-2.041743
1.798257
2.748257
2.218257
-2.551743
2.848257
-2.051743
2.908257
-2.541743
-2.701743
-2.121743
-2.321743
2.828257
-2.771743
-2.621743
1.898257
-2.941743
2.818257
-2.311743
-3.091743
2.928257
2.958257
-1.461743
2.768257
2.318257
-2.681743
2.978257
-2.781743
2.398257
-2.961743
-2.361743
-1.951743
2.398257
1.828257
-2.191743
2.608257
2.658257
-2.871743
3.028257
-1.771743
2.578257
2.308257
2.468257
-2.041743
2.338257
2.208257
2.558257
2.268257
2.378257
2.438257
2.578257
-2.251743
1.908257
2.618257
2.778257
-2.611743
3.098257
-2.521743
2.028257
-2.521743
-2.531743
-2.631743
-2.921743
-3.101743
-2.911743
2.448257
-2.741743
2.418257
-2.041743
-2.381743
-2.841743
-2.481743
-2.891743
2.828257
-2.001743
2.458257
2.418257
2.428257
-2.401743
2.768257
-2.571743
2.858257
2.788257
-2.341743
-2.601743
2.968257
2.408257
2.318257
1.868257
2.988257
-2.091743
2.898257
-2.081743
-2.471743
-2.491743
-3.101743
2.328257
1.738257
-2.721743
3.118257
2.688257
-2.651743
2.848257
-2.231743
2.408257
2.828257
-2.151743
2.788257
1.898257
2.218257
2.958257
2.848257
-3.141743
1.818257
2.398257
-2.921743
-2.131743
-0.811743
-2.741743
-3.121743
2.888257
-2.891743
-3.061743
-2.761743
-2.281743
2.408257
2.678257
-2.611743
-2.361743
2.858257
-2.571743
2.908257
2.188257
-1.511743
1.848257
-1.661743
-2.861743
-2.741743
2.498257
2.468257
-1.981743
2.208257
2.338257
2.028257
2.048257
-2.751743
-2.861743
1.948257
-1.911743
2.568257
2.838257
-2.081743
3.028257
2.338257
2.848257
2.578257
-2.781743
2.308257
-2.341743
-2.681743
1.998257
2.018257
2.938257
3.128257
2.268257
2.438257
-3.091743
2.788257
2.018257
2.638257
2.968257
-2.591743
2.428257
2.758257
-2.701743
-2.961743
-2.741743
-1.741743
-3.031743
2.978257
-2.931743
-2.011743
-2.701743
2.368257
-2.961743
2.498257
2.348257
1.708257
-2.531743
-2.801743
3.078257
2.138257
2.218257
-3.111743
-2.531743
-2.831743
-3.091743
2.748257
2.528257
-2.711743
1.828257
2.628257
2.458257
2.118257
-3.001743
-2.991743
2.278257
-1.661743
2.858257
2.558257
-2.781743
2.288257
-2.991743
-1.881743
1.798257
-2.111743
-2.721743
1.618257
-2.601743
2.668257
-2.291743
-2.511743
2.578257
-1.821743
2.998257
-2.571743
-2.651743
-2.231743
3.108257
-2.811743
2.098257
-2.831743
-2.151743
1.748257
-2.681743
-2.681743
2.578257
2.018257
2.848257
2.148257
-2.841743
2.558257
2.978257
2.388257
2.248257
-2.971743
-1.961743
2.498257
2.278257
-2.341743
-2.421743
2.918257
2.798257
-2.901743
2.698257
-3.031743
-1.341743
2.008257
-2.831743
3.138257
2.908257
-2.841743
2.558257
2.378257
1.778257
2.718257
-2.831743
-1.801743
-2.191743
1.978257
-3.141743
-3.091743
-2.751743
-2.221743
-2.531743
-2.041743
-3.041743
2.728257
2.828257
-2.161743
-2.391743
-2.541743
-2.381743
2.888257
-2.761743
2.878257
1.218257
-2.891743
2.208257
-2.041743
1.228257
-3.121743
3.048257
-2.891743
2.648257
2.878257
1.628257
2.778257
2.498257
1.798257
2.868257
-2.631743
2.528257
-2.111743
2.418257
-1.831743
-3.101743
1.958257
2.588257
2.648257
-2.121743
-2.151743
2.948257
-3.041743
-2.081743
-2.611743
-2.991743
-2.401743
-2.351743
-3.011743
-1.501743
2.588257
-2.871743
1.748257
-2.501743
2.698257
-3.101743
-2.301743
2.748257
2.338257
1.988257
-2.691743
2.398257
2.088257
-1.831743
-2.351743
2.418257
3.088257
2.898257
3.048257
1.568257
-2.001743
-1.331743
3.018257
-2.771743
3.088257
2.258257
1.628257
-2.651743
2.358257
2.108257
-2.441743
-2.841743
-2.821743
1.588257
-2.241743
-3.071743
-2.151743
-2.911743
2.918257
-1.691743
1.518257
1.478257
3.128257
2.948257
2.418257
-2.321743
2.538257
-3.121743
-2.291743
-2.201743
-2.541743
2.438257
2.298257
3.108257
2.158257
2.208257
-2.861743
-2.761743
-2.291743
1.978257
-2.071743
-2.761743
-2.561743
-2.291743
-2.371743
-1.661743
-2.631743
2.928257
-2.411743
-3.141743
2.418257
2.718257
-2.811743
2.948257
-2.411743
2.338257
-2.251743
-2.021743
-1.771743
-2.401743
1.868257
2.388257
-2.431743
-2.591743
2.008257
2.488257
-2.261743
2.628257
2.638257
1.828257
-2.821743
2.978257
-0.811743
-2.991743
2.778257
2.208257
2.178257
2.108257
-2.791743
-2.831743
2.638257
2.308257
2.398257
2.148257
2.688257
-2.801743
1.708257
-1.911743
1.868257
-2.861743
2.538257
2.318257
2.538257
-2.871743
2.138257
-2.071743
-2.861743
2.238257
2.298257
1.778257
-1.741743
1.808257
2.468257
2.898257
3.038257
1.738257
-2.731743
-2.391743
-2.721743
2.668257
-2.391743
-2.341743
2.158257
-2.861743
-2.201743
2.588257
2.968257
-2.531743
-3.071743
2.778257
2.658257
-2.771743
-3.131743
2.308257
-2.521743
-2.511743
3.078257
-2.631743
2.848257
2.328257
2.568257
-1.541743
2.528257
2.738257
3.008257
-2.821743
2.888257
2.278257
2.278257
-2.271743
-2.461743
-3.071743
-2.281743
2.928257
2.528257
1.888257
-2.141743
2.768257
-3.141743
-3.011743
1.708257
3.118257
-1.961743
-3.141743
-3.081743
1.858257
2.308257
2.048257
-2.471743
-2.921743
-3.001743
2.098257
2.548257
-2.771743
-2.211743
2.718257
-2.191743
3.118257
-2.351743
-3.051743
3.078257
-1.901743
2.618257
-2.731743
-2.701743
1.698257
3.048257
3.008257
-2.201743
2.478257
-2.721743
-2.571743
2.488257
2.568257
-2.481743
1.928257
-3.061743
-2.151743
2.268257
2.518257
-3.141743
2.548257
-2.141743
-2.811743
3.118257
2.828257
-2.791743
2.468257
2.638257
-3.051743
-2.901743
2.658257
2.868257
2.118257
2.668257
-2.361743
-1.501743
-3.001743
-2.901743
-2.091743
3.088257
2.858257
3.018257
-2.031743
-3.121743
2.858257
1.868257
-3.101743
2.648257
-2.941743
2.848257
-2.621743
-2.211743
2.678257
2.078257
-2.961743
2.608257
2.818257
3.098257
2.618257
3.088257
1.988257
-2.591743
-2.671743
-2.621743
1.898257
-2.301743
1.938257
-2.231743
-2.621743
3.128257
-2.531743
2.968257
3.128257
2.718257
-2.441743
-2.611743
1.648257
2.888257
2.028257
2.478257
-2.731743
-2.631743
-1.911743
1.848257
2.078257
2.898257
-2.401743
3.058257
2.848257
2.878257
-2.321743
2.208257
-2.431743
-2.061743
2.938257
1.788257
2.598257
-2.521743
-2.921743
2.828257
2.218257
3.068257
2.148257
1.948257
-1.241743
-2.821743
2.938257
2.258257
-3.031743
-2.441743
-2.771743
2.808257
-3.051743
2.498257
2.698257
-1.661743
-2.311743
2.908257
-2.981743
2.958257
-1.731743
-2.911743
2.548257
-2.281743
2.018257
1.608257
2.238257
2.168257
2.938257
2.848257
-2.351743
-2.561743
-2.501743
-2.261743
-2.671743
-2.201743
1.488257
-2.821743
-2.111743
2.408257
2.338257
1.828257
-2.821743
-2.961743
-1.871743
1.998257
2.598257
2.538257
-2.331743
1.738257
1.878257
2.268257
1.958257
-2.101743
-2.861743
2.598257
-2.931743
-2.681743
-1.001743
-1.731743
1.568257
-1.951743
-2.221743
-2.981743
2.638257
2.638257
2.448257
-2.571743
-2.591743
-2.451743
2.218257
2.978257
2.988257
-2.831743
-1.671743
-1.881743
-2.611743
1.998257
-2.791743
-3.121743
2.868257
2.668257
2.478257
2.278257
-2.511743
2.988257
2.608257
-2.241743
-2.751743
3.118257
-2.121743
-2.211743
-2.581743
2.928257
2.228257
-2.831743
1.168257
-2.541743
-1.891743
2.168257
2.678257
2.298257
2.358257
2.708257
3.118257
2.628257
-2.561743
-1.651743
-2.351743
-2.331743
2.788257
1.678257
-2.741743
2.578257
2.648257
-2.101743
2.578257
-2.631743
-2.691743
-2.101743
-1.521743
1.678257
-2.231743
-2.521743
2.748257
-2.801743
2.828257
-2.991743
-1.781743
-2.641743
-2.761743
2.548257
-2.031743
-2.461743
-3.001743
-2.821743
-2.791743
-2.941743
2.838257
-3.121743
-2.751743
2.518257
1.888257
-2.251743
-2.641743
2.668257
2.508257
3.008257
2.598257
1.898257
2.388257
-2.901743
-1.701743
-2.711743
2.708257
-2.711743
-2.371743
-1.371743
2.268257
2.678257
2.378257
-2.701743
-2.491743
-2.491743
-2.541743
-2.781743
-2.871743
2.458257
2.178257
2.328257
-2.571743
2.648257
-2.101743
-1.581743
-2.761743
-2.411743
2.668257
-2.791743
-2.401743
2.128257
-2.951743
1.918257
-2.021743
-2.821743
-1.951743
-2.561743
3.048257
-1.101743
2.748257
-3.071743
-2.681743
3.058257
-2.461743
0.768257
2.408257
2.888257
-2.571743
2.638257
2.088257
-2.601743
2.548257
1.698257
2.698257
-2.461743
-2.671743
2.928257
-1.751743
-2.361743
2.768257
-1.821743
-2.771743
-2.721743
-3.081743
-1.571743
2.848257
-2.661743
-2.761743
3.028257
-2.581743
-2.081743
2.818257
3.088257
-2.701743
-3.041743
-2.341743
2.238257
-2.431743
2.488257
1.278257
-1.821743
2.568257
2.778257
2.368257
1.718257
2.168257
-1.941743
2.878257
-2.481743
1.968257
1.948257
-2.921743
-2.621743
2.448257
-3.051743
2.388257
2.148257
1.938257
2.168257
2.248257
2.888257
-2.441743
2.878257
-2.391743
3.058257
-2.201743
3.068257
-2.721743
-2.761743
2.928257
-2.271743
3.028257
2.098257
-2.871743
-1.701743
-2.281743
-2.681743
2.838257
-1.231743
2.468257
-3.141743
-2.821743
2.148257
-2.941743
-2.411743
-2.851743
-2.371743
2.758257
2.818257
1.398257
-3.031743
2.928257
3.058257
1.668257
2.838257
-2.601743
2.508257
-2.191743
2.438257
2.838257
2.438257
-3.101743
2.938257
-2.121743
-2.001743
2.758257
-2.501743
1.698257
2.128257
-1.801743
2.328257
-2.531743
2.578257
-2.701743
1.838257
1.768257
-2.511743
1.758257
2.048257
2.848257
2.418257
2.758257
-2.941743
-3.051743
-2.431743
-2.701743
-2.431743
2.558257
-2.631743
0.438257
-3.071743
2.848257
2.178257
-2.711743
2.548257
2.558257
-2.521743
2.468257
2.768257
-2.831743
2.498257
-2.191743
-2.841743
-2.771743
1.528257
2.098257
2.898257
2.628257
2.698257
-2.341743
-3.081743
2.848257
2.298257
2.858257
-2.821743
-2.861743
-2.641743
-2.411743
2.938257
2.118257
2.928257
-2.161743
-2.731743
3.038257
-2.221743
-2.181743
-2.941743
2.118257
3.088257
-2.541743
-2.631743
3.088257
-2.151743
2.258257
2.088257
-1.751743
3.078257
2.788257
2.778257
2.808257
2.508257
2.278257
-2.331743
2.588257
-2.811743
2.928257
-2.401743
2.468257
-2.741743
2.878257
1.618257
-2.481743
2.508257
2.688257
-2.471743
3.098257
-2.851743
-2.701743
2.778257
-2.981743
2.948257
1.878257
-2.851743
2.538257
-2.701743
-2.841743
-2.261743
-2.731743
-2.701743
-2.781743
-2.571743
-2.281743
-2.251743
1.958257
-2.831743
1.938257
2.208257
2.108257
-2.831743
-2.531743
-2.411743
-2.801743
-2.701743
-1.791743
2.428257
1.908257
0.228257
2.938257
-1.541743
-2.451743
3.118257
-2.961743
2.358257
-1.811743
2.458257
-2.331743
1.898257
-3.011743
2.418257
-2.311743
-2.101743
-2.221743
2.238257
2.398257
-3.041743
-2.571743
-2.231743
2.538257
-2.471743
3.008257
-3.031743
-2.851743
-2.951743
-2.781743
-2.611743
2.138257
-2.661743
2.168257
-2.671743
-1.991743
-3.051743
-2.971743
2.158257
-2.091743
2.248257
-0.581743
-2.561743
-2.311743
2.608257
-1.611743
-1.751743
-2.301743
2.678257
2.688257
2.448257
-2.221743
-1.771743
1.488257
-1.981743
2.938257
2.218257
-2.331743
2.778257
-2.821743
2.378257
-2.641743
2.958257
2.688257
2.738257
0.248257
-3.101743
2.438257
1.738257
2.968257
1.728257
-2.921743
-2.721743
2.708257
-2.031743
-2.291743
-1.351743
-2.971743
2.728257
-2.921743
2.258257
2.198257
2.678257
-2.781743
2.038257
1.798257
-3.021743
2.368257
-2.991743
-3.081743
-2.371743
2.378257
2.068257
-2.991743
2.998257
-2.331743
-2.741743
2.588257
-2.571743
2.718257
-2.691743
-2.831743
-2.611743
-2.901743
-2.821743
-2.461743
2.898257
-2.691743
2.698257
-2.181743
2.008257
-1.931743
2.408257
2.258257
-2.131743
-1.861743
2.148257
2.108257
3.128257
2.198257
-2.001743
2.468257
2.748257
2.618257
-2.141743
2.898257
2.328257
2.568257
1.308257
-2.771743
-2.691743
-2.981743
3.068257
3.008257
1.908257
2.008257
-2.461743
-2.731743
2.928257
2.268257
2.478257
2.968257
2.598257
2.788257
2.938257
2.858257
-2.191743
3.078257
-2.931743
-2.631743
3.048257
-2.931743
2.218257
-2.491743
2.508257
2.938257
-1.731743
-3.071743
-2.981743
2.728257
1.218257
1.608257
-3.041743
-2.971743
-3.131743
2.368257
-2.271743
2.088257
-2.411743
-3.001743
2.358257
1.968257
2.118257
-2.201743
-3.031743
1.458257
-2.351743
2.568257
2.868257
-3.041743
2.448257
-2.941743
3.078257
2.438257
-2.831743
-2.391743
2.258257
2.508257
2.348257
-2.421743
-2.511743
2.758257
2.618257
-2.611743
-2.301743
-3.021743
2.658257
1.758257
1.938257
2.058257
-3.061743
2.848257
2.138257
2.998257
2.018257
-3.031743
2.318257
-3.101743
-2.061743
2.848257
-1.541743
-2.971743
-2.211743
-2.371743
2.578257
2.818257
2.738257
2.398257
3.018257
-2.241743
2.558257
-2.401743
-2.171743
2.408257
1.448257
1.518257
-2.751743
-2.431743
-2.711743
2.918257
2.708257
-2.581743
-1.351743
-2.441743
2.738257
-3.061743
2.978257
-2.971743
-1.901743
-2.491743
2.058257
2.848257
-3.101743
2.768257
-3.111743
-2.621743
-1.671743
-2.861743
2.738257
2.398257
-1.881743
2.638257
2.268257
2.908257
-2.911743
2.308257
-1.481743
2.618257
2.888257
2.718257
-2.571743
2.148257
-1.981743
2.948257
2.998257
2.468257
2.748257
2.518257
-2.821743
2.588257
2.258257
-3.021743
2.568257
3.098257
-2.851743
-1.361743
2.188257
2.218257
2.358257
2.978257
-3.091743
2.588257
1.768257
2.728257
-2.611743
-2.691743
-2.091743
1.918257
-2.551743
-2.191743
-1.791743
-2.341743
-2.911743
-0.311743
-2.121743
1.648257
1.938257
-2.531743
-2.271743
1.948257
-2.801743
-2.851743
-2.271743
-2.831743
2.758257
2.338257
2.338257
2.158257
-1.901743
-2.661743
2.458257
2.028257
2.098257
-2.281743
-2.651743
-2.661743
2.838257
2.188257
-2.181743
-1.701743
2.208257
-2.171743
-1.791743
2.418257
2.788257
-2.011743
-2.291743
-1.841743
-1.771743
2.258257
2.408257
-2.481743
-3.121743
-2.881743
-2.221743
-2.931743
2.448257
-2.851743
2.938257
2.338257
2.458257
-1.641743
-2.681743
-2.511743
3.058257
-2.051743
1.748257
3.008257
0.578257
-2.821743
-2.911743
2.468257
-0.611743
-2.691743
2.978257
2.928257
2.278257
-2.151743
-2.501743
2.608257
-2.051743
-2.521743
2.738257
-1.631743
1.468257
-2.131743
2.288257
-2.961743
3.028257
-2.491743
3.038257
-2.481743
-2.671743
2.528257
-2.381743
-3.101743
-2.081743
-3.011743
-2.661743
-2.991743
1.878257
-2.741743
2.718257
2.488257
1.998257
1.328257
1.988257
2.748257
-1.921743
-2.941743
1.598257
-2.021743
1.788257
-2.601743
-1.651743
-2.321743
1.878257
2.038257
1.788257
2.508257
2.968257
-3.141743
-3.021743
-2.731743
-2.811743
3.068257
2.158257
-2.331743
-2.401743
2.458257
-2.461743
2.418257
-2.271743
2.918257
-1.911743
-3.081743
-2.731743
-2.871743
2.558257
2.568257
-1.751743
-2.481743
1.678257
2.288257
1.848257
-2.641743
-1.921743
2.088257
-2.931743
-2.091743
-1.821743
-3.041743
2.718257
2.618257
-2.041743
-2.711743
1.728257
-2.271743
2.858257
-2.811743
-2.761743
2.388257
-2.011743
-3.051743
-1.931743
1.648257
2.678257
-2.641743
2.608257
-2.071743
-2.921743
-2.811743
-2.681743
2.558257
-2.991743
-2.641743
-2.671743
1.578257
-2.431743
-3.081743
-1.881743
2.198257
-3.051743
2.988257
-2.971743
2.198257
-2.601743
-1.821743
-2.391743
2.628257
-2.431743
-2.391743
1.788257
-2.041743
-2.551743
2.728257
-2.921743
-3.041743
-2.391743
2.908257
3.108257
-3.011743
3.118257
1.738257
-2.681743
-2.241743
2.358257
-2.751743
-1.711743
2.888257
-2.711743
-3.001743
-3.021743
-2.981743
-2.951743
-3.101743
1.878257
2.968257
3.098257
1.788257
2.388257
-2.661743
2.568257
2.828257
2.058257
-3.041743
-2.721743
-2.881743
-2.801743
1.818257
-2.991743
2.858257
-2.431743
-2.361743
2.808257
-2.991743
-2.631743
-3.141743
-2.401743
-2.821743
1.778257
-2.861743
2.158257
2.558257
-2.151743
-1.751743
-3.041743
-2.761743
-1.581743
2.688257
-2.621743
2.138257
-3.051743
-2.011743
-2.521743
-2.621743
-2.951743
1.818257
-2.951743
0.858257
2.878257
2.538257
-2.851743
3.038257
-3.051743
3.118257
-3.051743
2.578257
-2.881743
-2.021743
-1.891743
2.538257
-3.041743
-1.441743
-2.111743
-2.301743
-2.021743
-2.171743
-2.741743
2.688257
2.568257
2.698257
1.138257
2.818257
2.608257
2.928257
-3.121743
-0.981743
2.608257
2.228257
-2.161743
2.728257
-3.021743
-2.661743
-3.121743
2.078257
-3.071743
-2.371743
-3.061743
2.858257
3.108257
1.648257
2.108257
2.208257
-2.981743
-2.771743
-2.891743
-2.691743
2.198257
-2.541743
-2.231743
-2.661743
-2.871743
2.698257
-2.701743
2.478257
-2.321743
-2.621743
2.078257
2.628257
-2.831743
2.038257
1.958257
-2.311743
-1.311743
-2.631743
-2.641743
-1.781743
2.568257
-2.921743
2.988257
2.698257
-2.761743
2.398257
2.748257
2.448257
-2.521743
2.158257
-2.101743
-2.541743
3.088257
2.268257
-2.071743
2.698257
2.178257
2.558257
2.108257
2.918257
-3.061743
2.508257
1.828257
-2.311743
-3.041743
-0.791743
1.968257
1.738257
-2.891743
-2.681743
1.988257
2.938257
2.748257
2.048257
2.418257
2.588257
-3.061743
2.508257
2.198257
-1.951743
-2.121743
-2.451743
-2.261743
2.578257
2.948257
-2.451743
1.858257
1.288257
2.848257
-0.631743
2.008257
2.788257
-3.051743
2.528257
-3.081743
2.878257
2.888257
2.448257
-1.971743
-2.961743
-2.731743
-2.531743
-2.981743
1.628257
2.978257
-3.051743
2.278257
-2.701743
-3.141743
2.088257
-2.931743
-2.041743
-2.391743
1.968257
2.278257
2.798257
3.098257
1.388257
2.958257
-2.021743
2.938257
-2.691743
-2.461743
-2.411743
3.008257
-2.651743
2.488257
-2.091743
2.718257
3.108257
-2.251743
-2.471743
2.138257
2.758257
-2.251743
-2.691743
2.428257
3.128257
-3.101743
2.548257
2.808257
2.228257
2.878257
2.058257
2.368257
2.188257
3.018257
2.968257
2.438257
2.028257
2.838257
2.198257
-2.971743
-2.531743
-2.951743
1.808257
-3.081743
2.628257
1.938257
-2.451743
-1.771743
-3.031743
2.558257
-2.781743
2.328257
2.298257
-3.051743
-2.631743
3.088257
-2.831743
-2.971743
2.568257
-2.231743
2.378257
-2.861743
-2.671743
2.908257
-2.981743
-2.741743
1.938257
2.698257
2.198257
1.738257
2.508257
2.518257
-3.141743
2.298257
2.818257
-2.811743
-1.801743
-2.621743
2.248257
-2.021743
2.768257
3.108257
-2.091743
2.848257
2.248257
-2.321743
2.428257
-2.981743
1.708257
2.008257
2.288257
2.978257
-2.971743
2.298257
2.718257
1.488257
-2.051743
1.978257
-3.031743
1.948257
-2.661743
-2.931743
-3.091743
2.688257
2.098257
-2.771743
2.628257
-2.591743
2.838257
3.028257
2.278257
-2.091743
2.988257
-2.011743
2.728257
2.108257
-3.051743
2.728257
-2.901743
2.138257
-3.091743
-2.351743
-2.921743
2.638257
-2.701743
-2.821743
2.008257
-2.071743
-1.751743
-2.451743
2.968257
2.548257
-1.581743
2.658257
-2.711743
-3.001743
-1.421743
-2.881743
-2.941743
2.258257
-2.641743
3.088257
-2.321743
2.038257
-0.971743
2.948257
-1.921743
2.878257
-2.271743
-3.091743
2.728257
1.788257
2.528257
-2.141743
2.108257
-2.931743
1.978257
-2.071743
-2.781743
-2.331743
-2.891743
-1.961743
-2.661743
2.408257
-2.671743
-3.091743
1.948257
-2.131743
-3.051743
-2.361743
2.518257
2.928257
-2.041743
1.978257
3.088257
-2.051743
2.818257
2.648257
1.858257
-1.661743
-2.721743
2.488257
-2.231743
-1.961743
-2.671743
-1.851743
-2.741743
0.768257
-1.741743
-2.991743
-2.861743
-0.801743
3.058257
-1.971743
-2.781743
-2.841743
2.108257
2.988257
-1.601743
2.898257
2.268257
2.618257
2.968257
-2.971743
2.578257
-3.121743
-2.161743
1.728257
-3.041743
-2.161743
2.548257
2.438257
2.218257
-2.331743
2.538257
2.218257
2.808257
-3.021743
-3.051743
2.858257
2.928257
2.748257
-2.001743
-2.341743
2.748257
2.378257
-2.951743
-2.411743
-2.801743
1.638257
-1.791743
-2.591743
3.098257
2.248257
-1.561743
-2.731743
1.808257
2.098257
-2.071743
1.928257
-2.791743
2.598257
1.828257
-2.751743
-2.711743
2.298257
2.758257
-2.021743
2.348257
-2.241743
-1.611743
-2.671743
2.548257
-2.481743
-2.491743
1.908257
1.658257
-2.791743
3.088257
2.498257
-2.081743
-1.961743
-2.691743
2.158257
-2.271743
-2.191743
-2.851743
-3.081743
-0.361743
2.388257
-2.871743
-2.851743
2.648257
-2.851743
2.028257
-2.591743
-2.281743
-2.501743
2.908257
-2.011743
-2.491743
-2.931743
2.658257
2.918257
1.788257
3.018257
-2.131743
-2.401743
-3.091743
2.548257
2.968257
2.778257
2.638257
3.008257
-2.801743
2.978257
2.398257
-2.881743
2.228257
-2.771743
2.438257
-1.591743
-2.561743
-2.611743
2.228257
1.948257
2.678257
-2.481743
-2.771743
-2.701743
-1.281743
1.968257
2.588257
2.778257
2.278257
2.758257
2.368257
1.988257
-2.341743
-2.571743
-2.701743
2.538257
-2.981743
2.948257
2.118257
-2.391743
-2.471743
-1.981743
-2.711743
2.578257
2.618257
-2.971743
2.348257
2.878257
2.018257
3.038257
2.418257
2.238257
-2.621743
-2.281743
-2.201743
2.178257
-3.141743
-3.101743
-2.051743
2.138257
-2.361743
2.838257
2.238257
2.118257
-2.611743
-2.391743
-3.021743
-2.671743
2.138257
-1.701743
1.988257
3.098257
-2.061743
2.288257
-2.651743
1.938257
1.238257
2.978257
-1.741743
3.098257
-2.521743
2.458257
-2.611743
2.658257
3.118257
1.658257
-1.671743
-2.151743
1.788257
3.028257
2.308257
1.208257
2.918257
-2.041743
-2.931743
-3.011743
2.598257
-2.521743
2.578257
2.198257
-2.101743
1.138257
-2.201743
-3.021743
2.508257
2.928257
-2.851743
-3.031743
2.388257
-1.911743
-2.501743
3.018257
-2.641743
3.088257
2.418257
-2.981743
-2.411743
2.908257
-2.061743
2.108257
-0.521743
-2.351743
2.578257
2.128257
-2.891743
-2.341743
3.068257
-1.861743
2.788257
1.998257
2.688257
-1.751743
-1.701743
-3.101743
2.818257
3.048257
2.968257
2.078257
-2.611743
2.308257
-1.531743
-1.711743
2.398257
3.038257
1.788257
2.298257
-2.711743
-2.081743
2.938257
3.088257
2.918257
2.208257
-2.941743
-2.161743
3.068257
-2.711743
-2.981743
-2.301743
3.048257
-2.781743
2.488257
-2.571743
-2.171743
3.098257
2.838257
3.078257
-2.571743
-1.621743
2.958257
2.888257
-2.521743
-2.271743
2.058257
2.588257
-2.481743
-1.821743
2.448257
-1.971743
-2.021743
2.598257
2.508257
2.658257
-2.751743
2.488257
-2.181743
2.508257
-1.811743
2.878257
-2.431743
2.108257
2.718257
2.418257
2.648257
-2.831743
2.788257
2.758257
2.648257
-2.851743
-2.381743
-2.951743
-2.561743
2.808257
-2.151743
-2.111743
2.858257
-2.241743
2.948257
1.878257
2.408257
2.798257
-2.731743
-1.751743
1.518257
-1.521743
-3.111743
-2.161743
-2.061743
-3.021743
2.098257
-2.621743
2.018257
2.338257
2.848257
-2.821743
2.728257
-1.881743
-3.011743
3.068257
2.398257
-3.011743
-2.251743
2.958257
-2.791743
2.428257
2.488257
-3.121743
-2.471743
2.348257
2.698257
2.028257
-2.621743
-1.771743
0.658257
2.698257
2.778257
3.028257
-2.511743
2.918257
-2.311743
-2.241743
-2.471743
-2.401743
-2.261743
-2.231743
2.608257
3.058257
1.638257
2.758257
2.988257
2.818257
-2.741743
2.928257
-2.891743
1.458257
2.298257
1.848257
2.098257
-1.751743
-1.941743
2.698257
-2.471743
-2.141743
2.308257
2.498257
-3.031743
2.738257
2.018257
2.258257
2.158257
-2.941743
-2.491743
1.888257
2.328257
2.578257
-2.311743
2.978257
2.848257
-2.641743
-2.301743
-2.621743
-2.831743
2.038257
3.118257
-2.411743
-2.731743
3.018257
-2.601743
-2.011743
-2.281743
-1.641743
1.768257
-3.021743
-2.361743
2.088257
-0.941743
-1.751743
3.078257
-2.831743
-2.721743
3.038257
-1.971743
2.478257
-2.611743
-2.701743
2.008257
-2.411743
2.528257
-2.781743
2.118257
2.268257
-3.121743
-2.221743
2.918257
-2.231743
-2.951743
-2.581743
2.908257
2.418257
-1.811743
2.668257
1.768257
-2.251743
-2.691743
3.048257
-2.911743
-2.481743
2.648257
2.648257
-2.581743
2.098257
2.328257
-2.531743
2.908257
-2.021743
-2.671743
-2.071743
-3.041743
1.758257
3.028257
2.738257
-2.261743
2.638257
-2.961743
-3.081743
-3.141743
-2.391743
2.808257
-2.801743
-2.701743
-2.331743
-3.031743
2.938257
2.768257
-2.801743
-2.571743
2.478257
-1.691743
-2.081743
-1.831743
2.238257
2.358257
-2.741743
-2.741743
-2.931743
1.288257
2.498257
-1.881743
1.598257
2.058257
2.058257
2.308257
2.778257
-2.501743
-2.561743
-2.271743
-2.431743
-2.851743
3.128257
2.428257
-2.801743
1.988257
2.818257
3.018257
3.038257
2.958257
-3.031743
2.738257
-2.611743
2.968257
2.718257
-2.971743
2.568257
-2.381743
2.688257
2.478257
2.468257
2.628257
2.088257
-1.991743
2.998257
2.778257
-2.051743
1.798257
-2.621743
-2.821743
-2.781743
2.548257
-2.331743
-2.031743
2.938257
1.778257
1.928257
2.888257
2.328257
2.828257
-2.521743
2.678257
-2.721743
-1.151743
-2.241743
2.408257
2.758257
2.468257
3.008257
1.768257
-2.101743
-2.121743
-1.931743
-2.601743
2.108257
2.298257
-2.641743
2.638257
1.778257
2.898257
3.068257
3.058257
-2.281743
2.978257
-2.471743
-2.581743
2.828257
1.398257
-1.821743
-2.241743
-2.871743
2.698257
-2.351743
1.798257
2.908257
-2.361743
-2.661743
-2.721743
2.858257
2.088257
-2.291743
-2.051743
2.038257
2.958257
2.898257
2.568257
1.698257
2.298257
2.218257
-2.491743
-2.541743
2.458257
2.638257
2.438257
1.918257
-1.111743
-2.881743
2.258257
2.398257
2.088257
-2.401743
-2.631743
-2.571743
-2.701743
2.648257
2.968257
-2.471743
2.498257
-2.481743
-2.391743
1.808257
2.878257
3.048257
2.808257
-2.721743
3.048257
-2.421743
-1.771743
-2.761743
2.858257
2.868257
-1.901743
-2.311743
-2.991743
2.768257
3.118257
1.848257
2.488257
-3.021743
2.878257
2.718257
2.808257
3.008257
-0.741743
2.758257
1.848257
-1.921743
3.008257
2.538257
2.458257
-1.901743
-1.481743
1.648257
2.478257
2.568257
-2.481743
-2.981743
-2.701743
2.428257
3.128257
-2.321743
2.968257
2.898257
-3.111743
2.348257
-2.361743
2.208257
2.458257
2.438257
-3.101743
3.018257
-3.081743
1.808257
2.428257
-2.471743
-2.991743
-2.021743
2.568257
2.398257
2.848257
1.888257
-1.661743
-2.441743
3.018257
-2.361743
3.058257
2.938257
-2.301743
-2.411743
3.038257
2.688257
1.888257
-2.621743
-2.331743
-2.241743
2.428257
2.328257
2.428257
2.178257
2.238257
2.768257
-1.801743
-2.641743
-2.911743
-3.141743
2.748257
-2.601743
-2.541743
-2.521743
2.448257
2.828257
1.808257
1.708257
-2.011743
2.068257
2.658257
2.668257
-1.991743
-2.011743
-0.221743
2.138257
3.108257
2.778257
-2.651743
-2.411743
1.288257
2.588257
-2.641743
-2.611743
-2.201743
-2.281743
1.818257
2.278257
-3.081743
2.608257
-2.961743
2.708257
-1.191743
-2.971743
-2.501743
-2.661743
-3.001743
-2.891743
-2.061743
-2.641743
-2.951743
-2.641743
2.748257
2.298257
-2.031743
2.368257
-2.311743
-2.161743
2.348257
-2.601743
1.768257
1.338257
1.998257
1.898257
-2.891743
2.738257
-2.211743
2.128257
-2.831743
-2.901743
1.718257
2.438257
1.548257
-2.581743
-2.861743
2.128257
2.998257
-2.431743
-2.461743
-2.981743
-3.101743
-2.881743
-2.651743
-2.481743
1.678257
2.658257
1.278257
-2.061743
-2.371743
2.248257
-2.731743
2.378257
2.348257
2.748257
3.008257
2.378257
2.418257
-2.841743
2.378257
2.138257
2.298257
-2.021743
2.558257
3.018257
-2.751743
2.418257
2.428257
-2.411743
-3.131743
2.768257
-2.501743
2.628257
-3.081743
-2.291743
1.638257
3.108257
2.918257
-2.501743
-1.861743
2.718257
2.868257
2.868257
-2.941743
-3.071743
-2.591743
2.838257
-2.191743
2.388257
-2.321743
2.258257
-3.001743
-2.361743
1.788257
2.998257
-1.671743
2.668257
3.128257
-2.931743
3.078257
-1.791743
-3.071743
2.918257
2.408257
-2.431743
-2.151743
-2.361743
2.888257
2.128257
-2.951743
-2.941743
2.698257
2.828257
3.128257
-1.861743
2.618257
-2.631743
2.278257
1.868257
-2.541743
2.698257
-2.861743
2.608257
-2.921743
-2.651743
3.038257
2.858257
-2.881743
2.218257
2.958257
2.678257
-3.121743
2.178257
2.258257
-2.451743
2.188257
-2.811743
2.318257
2.028257
-2.771743
2.358257
2.768257
2.678257
-2.301743
-0.961743
-2.231743
2.868257
-3.071743
-2.871743
2.478257
2.968257
-1.801743
2.248257
2.118257
2.038257
1.768257
-2.721743
-2.601743
1.638257
2.358257
-3.091743
-1.091743
-2.791743
-1.931743
2.588257
-2.541743
-1.621743
2.788257
2.508257
-3.121743
-2.321743
-3.051743
-2.231743
-3.111743
-1.511743
2.758257
2.578257
-1.661743
2.758257
2.528257
3.038257
2.508257
-2.051743
-2.081743
-2.891743
2.208257
3.078257
2.598257
-2.891743
-2.991743
-2.851743
2.788257
2.878257
-1.901743
-3.041743
-2.941743
2.738257
3.038257
-2.091743
-2.411743
3.068257
2.258257
2.108257
-2.831743
2.828257
-2.811743
-2.931743
2.958257
2.348257
2.448257
-2.841743
2.148257
-2.571743
-2.321743
2.728257
-2.511743
3.028257
-2.161743
-2.331743
-1.631743
2.258257
-2.251743
2.448257
2.448257
2.048257
-1.951743
-2.731743
2.718257
-2.131743
2.868257
2.568257
2.938257
-2.951743
3.098257
-2.911743
2.278257
-1.901743
2.908257
-2.491743
-2.391743
-2.621743
-2.781743
-1.931743
2.808257
2.998257
-0.921743
2.268257
2.708257
2.118257
2.378257
-2.581743
2.818257
-2.431743
-2.611743
-2.191743
-2.691743
-1.991743
2.578257
-2.441743
2.928257
2.588257
2.168257
-2.931743
2.298257
-2.461743
-2.431743
-3.111743
-1.871743
-2.591743
2.828257
2.858257
-2.381743
-2.271743
-3.031743
-2.541743
1.738257
-1.741743
3.058257
2.398257
1.738257
2.328257
1.818257
-2.471743
2.448257
-3.031743
3.018257
1.998257
-2.631743
-2.821743
2.238257
-2.631743
2.298257
1.708257
-2.811743
-2.791743
3.108257
-1.891743
-2.631743
-2.061743
2.748257
2.828257
-1.841743
2.408257
-2.951743
2.408257
2.848257
2.148257
2.548257
-2.781743
-1.801743
2.868257
1.478257
-1.831743
1.418257
2.898257
2.048257
-2.541743
-2.941743
-1.971743
-3.121743
2.468257
2.858257
2.718257
2.468257
-2.841743
1.978257
3.128257
2.738257
1.838257
2.938257
2.648257
-2.661743
3.098257
-2.601743
-2.881743
2.488257
-2.371743
-2.571743
-2.401743
-2.971743
2.828257
-2.981743
2.748257
1.778257
-3.121743
-2.661743
-3.031743
-2.251743
2.458257
2.838257
2.888257
1.688257
-2.611743
2.318257
-3.041743
-2.481743
2.528257
-2.521743
2.808257
-2.301743
2.628257
-2.841743
-2.721743
1.938257
2.838257
-2.661743
-2.621743
-2.071743
-1.611743
-2.901743
-2.671743
-2.151743
2.478257
-3.091743
-2.891743
-2.621743
-2.991743
-3.081743
-2.511743
-2.521743
2.958257
2.818257
-2.661743
2.238257
2.868257
1.488257
1.948257
2.048257
-2.071743
2.398257
-2.571743
-2.651743
-2.371743
-1.911743
3.038257
2.508257
-2.471743
3.028257
-1.871743
2.828257
-2.931743
-1.671743
2.998257
2.238257
-3.101743
-2.361743
-2.341743
3.038257
2.028257
-1.821743
-2.251743
2.508257
2.758257
-2.261743
2.828257
-3.141743
-3.031743
2.028257
-2.611743
-2.351743
-3.061743
2.178257
-2.491743
2.158257
2.648257
2.318257
2.478257
-2.461743
-2.781743
-1.891743
-2.021743
-2.321743
2.018257
-1.721743
-1.631743
3.018257
-2.691743
2.198257
-2.791743
-2.801743
2.498257
-2.841743
2.398257
-3.101743
-2.771743
-2.511743
2.378257
-2.511743
2.358257
-1.391743
2.428257
-2.511743
-2.831743
2.678257
-2.841743
2.918257
2.008257
1.318257
1.668257
1.858257
2.228257
-2.461743
-2.071743
2.308257
-1.841743
-2.831743
2.048257
2.008257
-3.121743
1.678257
-2.141743
-2.791743
2.248257
1.958257
-1.971743
-2.361743
2.128257
-2.991743
-2.171743
-2.671743
-2.301743
2.008257
2.958257
2.898257
-1.631743
-2.321743
2.378257
1.998257
2.718257
2.618257
-2.861743
-2.911743
-2.951743
2.098257
-2.851743
-2.551743
-2.381743
-3.031743
-1.721743
2.958257
2.898257
-3.071743
2.298257
-2.901743
2.158257
-2.591743
-2.711743
-2.681743
2.018257
2.198257
-2.721743
3.128257
-2.091743
2.788257
2.028257
1.968257
2.258257
-2.701743
-2.631743
3.048257
-2.211743
2.988257
-2.651743
2.598257
2.508257
-2.651743
2.578257
-2.451743
-2.431743
-1.681743
2.268257
1.538257
-2.141743
-1.971743
-1.841743
-2.021743
2.208257
3.058257
-2.161743
-1.891743
2.458257
-2.451743
2.828257
1.908257
-1.481743
-2.081743
-2.021743
-2.791743
-2.751743
-3.081743
2.618257
2.588257
1.908257
-2.481743
0.848257
2.628257
2.888257
2.658257
-2.881743
-2.511743
2.318257
-3.091743
-2.901743
2.548257
-2.581743
-2.331743
2.298257
2.498257
-3.011743
-2.881743
1.998257
2.998257
2.508257
-1.841743
-2.841743
-2.391743
-2.741743
2.788257
2.688257
2.738257
-2.961743
-2.601743
2.048257
-2.941743
-2.831743
3.038257
2.848257
-2.231743
-2.291743
-2.761743
-3.071743
3.008257
1.558257
-2.871743
-2.931743
2.698257
1.048257
-3.131743
2.418257
-2.871743
2.408257
-3.001743
-2.841743
2.048257
2.198257
-1.851743
-1.781743
2.068257
2.718257
-2.171743
-2.361743
-2.701743
-1.891743
2.248257
1.758257
-2.171743
-2.401743
2.758257
-3.041743
1.988257
-2.011743
1.968257
-2.831743
-2.741743
-2.511743
2.978257
-2.731743
-3.141743
2.428257
2.878257
2.998257
2.528257
-2.181743
2.978257
-2.541743
1.398257
-2.531743
-2.441743
0.868257
-3.051743
-3.111743
3.028257
-2.721743
-2.131743
-2.501743
2.818257
2.448257
-2.201743
1.858257
-2.401743
-3.001743
-2.211743
-2.551743
-2.821743
2.128257
-1.671743
2.998257
-2.731743
2.328257
-3.021743
2.808257
2.388257
2.648257
0.258257
-2.181743
-2.191743
-2.371743
-2.651743
-1.991743
2.528257
-2.421743
-3.041743
2.538257
3.098257
-2.891743
-3.091743
2.308257
2.318257
2.168257
-2.441743
-3.091743
-3.081743
-2.931743
-2.641743
3.068257
1.798257
2.358257
1.788257
1.928257
2.438257
-2.291743
2.608257
-2.571743
-3.021743
1.968257
-2.021743
2.888257
2.408257
2.078257
2.338257
3.088257
-2.171743
-1.741743
-2.671743
-2.661743
-2.981743
-3.111743
-3.091743
-0.281743
2.678257
-3.051743
3.028257
2.518257
-1.981743
-3.141743
2.278257
-3.021743
1.878257
-2.861743
-2.461743
2.528257
-2.271743
2.448257
2.058257
2.558257
-2.741743
2.598257
2.998257
-3.101743
-2.201743
-3.141743
-2.521743
-2.121743
2.088257
-2.691743
2.518257
-2.421743
2.858257
2.548257
-2.461743
2.008257
2.998257
2.808257
-2.761743
-2.801743
3.068257
3.058257
-1.101743
-3.101743
2.178257
-2.781743
2.128257
2.618257
-3.041743
2.648257
2.498257
3.128257
2.918257
3.098257
2.418257
1.828257
2.658257
-2.541743
-2.901743
-2.631743
-1.851743
2.828257
2.968257
-1.771743
-3.061743
-3.011743
2.408257
-2.311743
2.698257
2.188257
-2.741743
2.938257
1.658257
2.108257
2.678257
-3.091743
-2.821743
2.068257
-2.461743
-2.521743
2.828257
-2.911743
-3.121743
2.558257
2.508257
2.148257
2.558257
1.968257
-2.121743
-2.011743
0.848257
2.298257
-3.031743
2.448257
2.688257
2.188257
2.338257
2.898257
-2.931743
-2.821743
3.078257
3.028257
-2.521743
-2.681743
2.458257
2.438257
-2.211743
2.978257
1.888257
-2.761743
3.048257
2.438257
2.408257
2.498257
2.288257
2.328257
2.328257
2.648257
-3.031743
2.888257
1.868257
-2.971743
-2.131743
-2.991743
2.828257
2.798257
-1.731743
1.948257
-1.741743
2.168257
1.978257
-2.851743
2.748257
1.778257
2.978257
2.688257
2.848257
2.198257
-2.411743
2.308257
2.678257
-2.321743
1.918257
2.578257
2.568257
-2.731743
2.858257
2.878257
-2.931743
2.888257
2.438257
-1.791743
-2.731743
2.388257
3.018257
-2.841743
1.898257
-0.931743
1.858257
3.078257
1.608257
-2.231743
2.558257
-2.301743
2.108257
-3.081743
-1.711743
-2.951743
2.418257
1.618257
2.708257
-2.831743
3.128257
3.028257
2.258257
-3.101743
-3.141743
2.098257
2.658257
2.288257
-2.711743
3.048257
2.808257
2.778257
-2.701743
3.128257
-3.061743
1.748257
-2.571743
-2.831743
2.588257
-2.041743
3.018257
-2.651743
-2.491743
3.128257
-2.501743
2.148257
-2.621743
-2.241743
1.828257
2.688257
-2.391743
-2.721743
2.858257
-3.031743
2.968257
2.588257
2.008257
1.668257
-2.901743
2.308257
-2.411743
0.088257
2.298257
3.118257
-2.871743
-2.231743
3.068257
-1.751743
2.268257
2.348257
2.158257
-3.041743
1.808257
2.968257
-1.911743
-2.741743
-2.411743
-2.651743
3.008257
-2.551743
2.748257
-2.761743
2.758257
-2.851743
-2.661743
2.158257
-2.451743
2.488257
1.518257
1.688257
2.728257
2.458257
-1.221743
-2.381743
-1.291743
-1.761743
-2.441743
2.608257
-2.311743
-2.991743
1.828257
3.078257
2.898257
2.678257
2.188257
-1.661743
-2.411743
-2.551743
2.048257
-2.471743
-2.511743
2.258257
-1.391743
2.488257
2.028257
2.338257
-2.581743
2.158257
-2.741743
1.648257
-1.461743
2.108257
-2.051743
-2.741743
-2.761743
-2.621743
3.118257
-1.821743
2.198257
2.768257
-2.671743
2.408257
-3.091743
-2.791743
2.048257
-2.921743
2.698257
2.308257
2.038257
1.968257
2.938257
2.078257
-2.981743
1.948257
-2.211743
-2.231743
2.938257
-2.281743
2.088257
-2.851743
-2.151743
2.778257
-1.931743
-2.941743
2.638257
-2.511743
1.398257
1.618257
-2.131743
-3.051743
-2.741743
3.048257
-1.861743
-1.891743
-2.201743
2.648257
-2.961743
-2.821743
-2.081743
2.338257
-3.131743
2.798257
-1.601743
2.368257
-2.251743
-2.011743
2.418257
2.308257
-2.311743
-2.901743
-2.111743
1.928257
2.568257
-2.391743
2.028257
-2.681743
-2.051743
-2.671743
1.398257
-2.531743
2.688257
2.268257
2.368257
2.418257
2.158257
-2.201743
2.498257
2.038257
1.428257
-1.871743
2.058257
-3.141743
2.518257
2.128257
-2.811743
-2.681743
-3.081743
-2.001743
2.828257
2.928257
2.088257
-2.101743
-2.781743
-2.221743
-3.081743
2.988257
-3.131743
3.048257
-2.571743
2.638257
-2.691743
2.918257
-2.151743
-1.911743
-2.871743
2.678257
-2.741743
-2.351743
2.138257
2.658257
-1.881743
2.798257
1.938257
2.898257
2.578257
-1.491743
2.338257
-2.491743
-2.301743
-2.721743
-1.521743
2.528257
-2.261743
-2.731743
2.548257
3.118257
-2.161743
-3.071743
2.858257
-1.851743
2.708257
-2.811743
-2.411743
1.568257
-2.501743
3.118257
1.788257
-2.881743
2.338257
-2.561743
-3.131743
-2.941743
2.908257
1.328257
-2.731743
-1.811743
2.928257
-2.481743
-1.671743
2.978257
2.878257
2.958257
1.398257
-2.951743
-2.521743
2.808257
2.198257
-1.701743
-1.651743
-1.881743
-2.621743
2.168257
2.848257
-2.181743
2.838257
-2.571743
2.688257
2.138257
-2.621743
2.928257
2.778257
-1.981743
-2.441743
-2.031743
-1.481743
2.868257
-2.441743
-2.511743
1.498257
-2.601743
1.718257
-2.811743
1.268257
-1.591743
1.908257
2.688257
2.418257
-2.321743
-3.071743
2.388257
2.788257
2.178257
-2.331743
-1.731743
1.668257
-2.571743
2.948257
2.778257
2.048257
2.278257
1.798257
-2.541743
-2.331743
-2.431743
-2.321743
2.318257
-2.881743
3.078257
2.738257
2.978257
-2.981743
2.418257
-3.021743
2.748257
-1.761743
-2.391743
-2.511743
2.138257
2.918257
-2.711743
-2.871743
-3.041743
2.308257
2.908257
-2.731743
2.578257
3.028257
-3.071743
2.388257
3.038257
2.838257
2.408257
2.968257
-1.901743
-2.351743
-3.111743
1.988257
2.428257
2.168257
2.788257
1.418257
2.958257
-2.681743
-2.561743
-2.861743
3.048257
2.838257
-2.311743
1.688257
2.848257
1.748257
2.218257
-2.751743
-2.901743
-2.451743
2.578257
1.768257
-3.141743
-3.051743
1.928257
3.048257
-3.031743
2.418257
2.238257
-2.141743
2.728257
-2.661743
-2.141743
2.768257
1.908257
-2.981743
-2.131743
-1.541743
-2.711743
2.078257
-3.001743
-2.101743
1.628257
2.738257
-2.071743
2.218257
-2.351743
2.758257
-1.371743
2.388257
-2.571743
2.938257
2.868257
2.668257
3.128257
-2.741743
2.898257
2.168257
2.308257
2.698257
-2.061743
2.958257
-2.601743
2.948257
1.838257
2.348257
-1.441743
-2.381743
-2.681743
-2.301743
-2.271743
-2.661743
-3.031743
-0.471743
2.498257
-1.741743
2.238257
2.908257
2.318257
2.508257
-2.221743
3.108257
1.698257
-3.061743
2.258257
2.618257
1.878257
-3.131743
2.558257
-1.691743
2.568257
-2.611743
2.658257
-2.861743
-2.641743
2.858257
3.088257
-2.651743
2.878257
2.898257
2.628257
-2.801743
2.638257
-2.981743
1.618257
-2.611743
2.048257
-1.711743
2.768257
2.658257
-2.601743
-1.431743
2.058257
-2.471743
2.518257
2.578257
3.068257
2.468257
2.228257
2.758257
-2.321743
2.178257
-2.191743
-2.581743
-2.001743
-1.811743
-2.101743
1.978257
-2.211743
-2.251743
2.258257
2.118257
2.778257
2.358257
-1.931743
-2.411743
-2.261743
2.858257
2.928257
-2.951743
-2.961743
2.898257
-3.011743
1.978257
-2.521743
1.788257
-3.111743
-2.981743
1.938257
2.718257
2.798257
-2.451743
2.538257
2.128257
2.538257
-2.831743
2.588257
2.228257
-3.081743
2.488257
2.568257
1.958257
-2.861743
3.098257
2.978257
-1.951743
1.818257
-2.421743
-2.161743
2.878257
-1.001743
-2.511743
-2.351743
2.198257
-2.731743
-2.281743
-2.831743
-1.431743
1.458257
1.518257
2.028257
2.448257
-1.721743
-2.031743
1.778257
-2.081743
1.838257
1.268257
-2.451743
-1.781743
-1.601743
2.678257
2.768257
-3.011743
-2.151743
-3.041743
2.528257
-2.591743
-3.061743
-1.661743
-2.091743
-3.121743
-1.951743
-2.951743
-2.901743
2.018257
-2.761743
-2.521743
2.688257
2.268257
-2.101743
1.898257
-1.931743
2.358257
1.778257
2.368257
-3.001743
-2.491743
-2.631743
1.588257
-2.721743
1.618257
1.978257
-2.161743
2.508257
-1.851743
2.668257
2.768257
-2.521743
-2.571743
-2.991743
-1.951743
-3.111743
2.448257
2.878257
1.708257
-3.041743
3.018257
2.438257
1.698257
-3.111743
2.978257
1.918257
-1.661743
2.778257
2.918257
2.438257
-2.421743
2.688257
-1.911743
2.328257
2.068257
2.488257
-2.741743
2.248257
-2.761743
1.738257
-3.011743
-2.201743
2.688257
-2.821743
1.718257
2.918257
2.218257
-2.771743
-2.411743
-2.821743
2.378257
-2.331743
-2.171743
3.018257
-3.071743
3.058257
2.288257
2.728257
-3.101743
-3.061743
2.468257
2.478257
2.298257
-2.401743
2.918257
2.878257
2.538257
2.408257
2.778257
-3.031743
1.528257
-2.561743
2.888257
-2.961743
-2.591743
2.288257
-2.391743
-2.891743
3.098257
-2.861743
1.778257
-2.941743
2.918257
-2.351743
-1.851743
2.358257
2.758257
-2.051743
-3.011743
1.748257
2.078257
-2.621743
3.088257
2.478257
-2.181743
2.568257
1.938257
2.768257
-2.211743
-2.451743
-1.871743
3.088257
-1.471743
1.588257
-2.961743
2.648257
-3.111743
-2.821743
2.568257
-2.901743
-2.561743
2.768257
2.718257
-2.731743
3.088257
3.098257
1.518257
2.768257
-2.641743
3.038257
-2.761743
2.708257
2.338257
-2.691743
-1.991743
3.038257
-2.911743
2.588257
1.898257
1.958257
2.548257
-1.901743
2.478257
1.258257
2.818257
1.588257
2.698257
-2.591743
-1.691743
2.088257
-2.561743
1.848257
-2.061743
2.228257
-1.081743
3.108257
-2.461743
-1.611743
-2.311743
-2.181743
-2.431743
-2.271743
2.378257
0.688257
-2.091743
2.638257
-1.971743
3.018257
-2.681743
-1.681743
2.488257
1.548257
-2.561743
2.868257
2.988257
-2.671743
2.098257
-2.181743
-2.751743
2.388257
-2.091743
2.748257
2.508257
2.278257
2.458257
1.788257
2.758257
-2.631743
1.788257
-2.201743
-2.231743
1.508257
2.498257
2.578257
1.508257
0.418257
-2.391743
-1.121743
1.748257
2.958257
-3.101743
3.138257
2.248257
2.738257
2.968257
1.998257
-2.731743
2.798257
-1.941743
1.588257
2.608257
-2.941743
-2.611743
2.288257
1.678257
2.828257
2.628257
2.408257
2.428257
-2.571743
-3.081743
2.208257
2.948257
-3.081743
2.548257
2.828257
-2.911743
3.058257
-2.631743
-2.791743
-3.061743
-2.181743
-2.561743
2.268257
-2.181743
1.858257
-2.931743
3.138257
-1.981743
2.678257
3.048257
2.108257
2.598257
-2.021743
2.758257
2.498257
3.098257
1.558257
1.828257
-2.751743
-2.381743
2.868257
1.878257
-2.321743
-2.691743
-3.061743
-3.121743
-2.551743
-2.471743
2.068257
-2.641743
-1.861743
2.778257
-3.101743
2.628257
-2.671743
3.048257
2.858257
-3.101743
2.398257
2.518257
1.648257
2.738257
2.818257
-1.601743
2.568257
-2.331743
2.498257
3.058257
2.998257
3.118257
-1.991743
2.918257
-2.751743
2.298257
-1.761743
2.048257
2.348257
2.238257
-1.931743
2.548257
1.338257
2.948257
-2.691743
-2.981743
-2.951743
-2.591743
2.508257
-2.001743
-1.781743
1.848257
3.068257
1.828257
2.338257
2.238257
0.018257
-2.551743
2.668257
1.988257
1.868257
2.818257
-3.141743
3.108257
2.468257
3.128257
-1.551743
-1.601743
-2.891743
2.848257
2.378257
-2.571743
2.988257
-3.081743
-1.781743
3.108257
-1.971743
2.748257
-2.471743
2.688257
-2.661743
-1.431743
-3.111743
3.008257
-2.591743
1.748257
-1.931743
1.668257
1.838257
2.648257
2.238257
1.668257
-2.881743
-2.891743
-2.971743
-2.581743
2.748257
-2.591743
-3.091743
2.698257
-2.411743
2.698257
-2.121743
2.018257
2.748257
1.928257
-2.581743
-2.251743
2.468257
-2.451743
1.498257
-3.041743
2.598257
3.078257
1.548257
2.248257
-2.641743
2.898257
2.098257
2.338257
-2.561743
-2.891743
3.068257
2.818257
-3.051743
-2.371743
2.438257
-2.361743
2.558257
2.598257
2.918257
1.848257
-2.401743
-2.511743
-1.601743
2.068257
2.578257
-2.621743
2.888257
2.278257
2.988257
-1.671743
-2.551743
-1.931743
-2.471743
-1.991743
3.098257
-2.451743
-2.191743
-2.661743
1.858257
-2.801743
-2.681743
2.268257
-1.961743
3.038257
2.138257
-3.001743
-2.001743
-1.641743
2.918257
2.588257
-2.451743
3.008257
2.898257
2.838257
-2.151743
-2.561743
2.798257
-2.891743
-1.951743
-2.271743
1.758257
2.578257
2.698257
-2.571743
1.848257
-2.781743
2.368257
2.258257
-2.981743
-1.801743
-3.051743
-1.991743
-2.741743
2.838257
-2.871743
-2.421743
-2.401743
2.588257
-2.701743
2.988257
2.188257
2.308257
-3.091743
2.818257
-2.971743
-2.971743
-2.711743
-2.071743
2.598257
-1.701743
3.118257
2.678257
-2.951743
2.298257
3.058257
-2.761743
2.068257
2.428257
2.108257
1.618257
-2.011743
-2.831743
2.988257
-2.151743
1.838257
-2.861743
3.018257
-2.091743
2.258257
3.098257
1.928257
2.378257
2.318257
2.178257
3.108257
1.748257
-2.461743
2.008257
-2.901743
-3.071743
2.788257
-2.841743
-3.001743
3.118257
-1.341743
1.948257
2.968257
-2.971743
-2.961743
-2.031743
-2.461743
2.858257
-2.641743
2.768257
-2.931743
-2.601743
-2.101743
2.768257
2.388257
-2.581743
-2.841743
1.708257
-2.491743
1.788257
-2.341743
-2.131743
2.108257
-2.991743
1.768257
2.588257
2.848257
2.788257
-3.081743
-2.791743
-1.541743
3.018257
-1.861743
-2.811743
-2.251743
-1.571743
-2.441743
1.898257
1.528257
2.638257
-2.601743
-1.961743
-2.581743
2.768257
-3.081743
-2.561743
2.648257
-2.031743
2.318257
2.208257
-3.101743
-3.141743
-2.731743
2.708257
-2.461743
2.158257
1.988257
-3.011743
-2.451743
-2.241743
2.448257
1.678257
-3.051743
2.038257
-2.661743
2.508257
1.928257
-1.901743
2.668257
-2.331743
-2.611743
-1.881743
-2.161743
-2.061743
-2.051743
2.388257
2.868257
-2.681743
2.508257
-2.051743
2.108257
1.998257
-2.371743
-2.691743
2.888257
-2.811743
1.668257
2.228257
2.588257
2.288257
-2.811743
-1.701743
-2.611743
1.978257
2.528257
-2.341743
2.698257
-2.631743
2.938257
2.538257
2.898257
-2.661743
-1.571743
-2.371743
-2.441743
2.468257
-1.831743
1.778257
2.908257
2.658257
-3.021743
2.448257
-2.041743
2.508257
-1.941743
-2.121743
2.158257
2.568257
-2.951743
-2.541743
-2.241743
-3.071743
-2.481743
2.308257
-2.331743
2.598257
2.618257
-3.111743
2.898257
-1.771743
2.238257
-2.331743
2.378257
-2.761743
-2.851743
2.008257
-1.731743
-2.991743
2.618257
1.788257
-2.611743
3.058257
3.108257
-2.701743
-2.061743
-3.071743
-2.551743
-2.621743
-1.741743
1.678257
-3.051743
-2.471743
-2.161743
-2.251743
-2.201743
2.328257
-2.651743
-2.431743
2.998257
2.118257
1.718257
2.728257
-3.061743
-1.571743
-2.041743
-1.401743
-2.401743
2.848257
3.048257
-2.271743
-2.121743
-3.081743
-2.411743
2.508257
-2.031743
-3.061743
-2.651743
2.828257
-2.421743
1.148257
2.358257
2.098257
2.418257
-2.781743
2.948257
-2.681743
1.388257
-1.411743
2.978257
-2.451743
2.768257
1.958257
2.208257
2.568257
2.128257
2.368257
1.258257
-2.901743
3.088257
2.468257
-2.151743
-2.211743
3.028257
-3.041743
1.358257
-2.101743
2.048257
-2.801743
-3.131743
2.428257
-2.321743
-2.401743
-2.261743
-1.571743
2.898257
2.898257
-2.291743
2.168257
-2.991743
2.708257
1.648257
2.748257
1.748257
-2.991743
2.388257
2.528257
-2.101743
1.798257
2.548257
-2.711743
-2.591743
2.868257
-2.761743
3.088257
2.698257
-1.901743
-2.891743
2.938257
2.888257
2.158257
1.728257
-3.091743
-2.991743
-1.531743
-2.221743
-2.461743
-1.851743
-2.311743
2.428257
-2.741743
-3.121743
-1.891743
-2.431743
2.518257
2.438257
3.098257
-2.931743
2.618257
1.448257
-2.481743
2.378257
-2.341743
2.798257
2.478257
2.818257
2.428257
2.978257
2.468257
-2.721743
2.948257
1.468257
-0.701743
1.328257
-1.851743
2.738257
-2.741743
-2.101743
-1.821743
-2.271743
2.538257
-2.281743
1.828257
-3.101743
-2.251743
2.748257
-2.051743
-2.691743
-2.841743
2.048257
2.638257
-3.051743
2.868257
-3.131743
2.428257
-1.721743
-2.551743
-2.901743
2.768257
-2.911743
-3.111743
1.908257
2.378257
-2.441743
-2.161743
1.938257
2.428257
2.348257
2.698257
3.038257
2.548257
2.088257
-2.781743
2.788257
-2.631743
1.758257
-2.331743
2.718257
2.998257
2.818257
0.098257
2.248257
2.538257
1.928257
-3.071743
2.788257
2.858257
-2.781743
1.918257
-1.771743
2.688257
0.368257
-2.591743
3.098257
-2.201743
-2.371743
-2.951743
2.118257
-2.321743
-2.311743
2.788257
3.008257
2.038257
3.058257
-1.821743
2.648257
2.748257
-2.471743
-2.011743
3.038257
-2.771743
-2.961743
2.068257
3.108257
-2.491743
2.938257
-2.161743
-2.551743
2.798257
2.228257
2.428257
2.258257
2.668257
-2.101743
1.768257
-2.851743
-3.131743
-1.821743
2.368257
3.118257
-2.421743
-3.071743
1.808257
2.278257
2.458257
-2.081743
2.358257
-3.131743
2.418257
-1.801743
2.078257
-2.261743
-3.051743
-2.451743
-3.021743
-2.491743
2.928257
-2.431743
-2.651743
2.118257
2.348257
-2.101743
3.108257
-3.121743
2.668257
2.058257
2.788257
-2.921743
1.508257
2.588257
-2.211743
-1.931743
-2.681743
3.038257
3.128257
-3.081743
2.028257
1.738257
2.238257
2.558257
2.488257
2.348257
2.038257
2.648257
-2.381743
-1.841743
-2.461743
2.858257
2.078257
-2.061743
2.438257
2.698257
2.538257
-2.311743
3.038257
-1.701743
2.248257
2.238257
-2.261743
2.898257
-2.251743
-2.761743
-2.851743
-2.451743
-2.291743
1.628257
2.558257
-2.511743
2.078257
-1.791743
-2.331743
-2.891743
1.858257
2.508257
-2.951743
2.518257
-2.901743
-1.961743
-2.901743
-2.951743
2.158257
2.588257
2.258257
-2.951743
-3.091743
2.878257
2.918257
1.968257
-2.371743
-3.091743
-2.021743
-2.471743
2.558257
-2.361743
-2.891743
1.678257
2.908257
-2.781743
-2.901743
2.448257
2.248257
-2.961743
2.158257
-1.011743
2.748257
2.958257
-2.121743
2.958257
1.838257
2.308257
-1.891743
-2.841743
-2.101743
-2.241743
-3.021743
-2.231743
-2.421743
2.548257
-3.021743
-2.531743
-2.351743
2.968257
-1.981743
2.038257
2.928257
-2.781743
-2.691743
2.948257
3.108257
2.898257
-2.471743
-3.101743
-1.931743
-1.761743
-2.431743
2.288257
-2.691743
-3.011743
-2.881743
-2.381743
-1.541743
-2.601743
-1.871743
2.738257
-2.991743
1.778257
-2.731743
-2.331743
-2.981743
-3.081743
1.958257
3.118257
1.748257
-3.111743
-2.351743
-1.801743
2.138257
3.078257
1.968257
2.788257
-2.951743
-2.471743
-2.821743
-2.241743
2.308257
-2.861743
1.618257
-2.921743
1.858257
2.538257
-2.811743
2.858257
2.758257
-2.611743
2.358257
1.708257
2.358257
2.158257
-2.011743
2.278257
2.268257
2.778257
2.848257
3.088257
1.878257
2.598257
1.598257
-3.061743
1.868257
-2.241743
-0.931743
-1.701743
2.888257
-2.521743
-2.591743
-2.821743
2.218257
-2.221743
2.968257
-3.051743
1.918257
-3.071743
-2.571743
2.838257
-2.481743
-2.921743
-2.891743
2.448257
2.208257
-2.891743
-2.711743
2.298257
2.208257
-1.871743
3.078257
-2.721743
-2.381743
2.648257
-2.551743
-2.181743
1.868257
-2.521743
2.068257
2.888257
-3.081743
-2.601743
1.928257
-3.121743
2.638257
-1.851743
-2.121743
-2.571743
2.298257
-2.941743
-2.471743
2.908257
3.098257
3.138257
-1.731743
-1.521743
1.828257
2.148257
2.248257
2.018257
2.498257
2.218257
2.798257
2.908257
2.198257
-1.931743
2.308257
1.998257
2.198257
1.408257
-2.611743
2.218257
-1.611743
2.748257
-2.911743
2.838257
2.158257
-2.641743
-2.931743
2.678257
2.688257
-2.311743
2.078257
-2.531743
-3.041743
-2.641743
-2.461743
2.418257
-2.321743
1.918257
-2.061743
-1.601743
-2.241743
-2.821743
-2.371743
-2.391743
-2.191743
-2.891743
-3.031743
2.758257
-2.771743
2.258257
-2.241743
2.438257
-2.531743
2.918257
-2.761743
2.448257
3.088257
-1.951743
-2.921743
2.738257
-2.501743
-3.061743
-2.401743
1.588257
-2.681743
2.498257
2.718257
-2.441743
3.138257
-3.041743
-2.681743
2.018257
-2.631743
1.728257
2.798257
2.908257
1.978257
-2.751743
2.528257
2.378257
2.338257
1.878257
-2.451743
-1.751743
2.988257
2.168257
-1.871743
-3.131743
1.928257
2.868257
2.018257
-2.281743
-2.051743
-2.221743
1.798257
2.778257
-2.071743
2.848257
-2.961743
2.988257
-3.111743
3.038257
-2.921743
2.618257
2.588257
2.998257
-2.141743
2.138257
2.658257
3.108257
2.398257
-2.961743
-2.301743
2.658257
2.378257
2.258257
2.868257
3.018257
2.558257
-2.031743
3.118257
-2.631743
-2.291743
-3.071743
-2.141743
2.178257
-2.211743
2.668257
2.648257
2.508257
-2.481743
2.568257
2.158257
-2.681743
-2.441743
2.668257
2.088257
2.208257
-2.571743
-2.351743
-3.071743
2.848257
-2.741743
-2.591743
2.358257
-2.471743
1.358257
2.788257
-3.031743
1.748257
-2.331743
2.818257
-2.051743
2.488257
2.458257
2.048257
2.228257
-2.741743
-1.841743
-2.451743
-2.521743
2.628257
-1.441743
2.868257
2.148257
-2.031743
-2.921743
1.908257
-2.931743
2.538257
-2.761743
-2.441743
-1.991743
2.898257
-2.481743
-2.451743
-2.991743
-2.241743
-3.121743
-3.101743
-2.881743
-2.321743
2.928257
-2.631743
2.998257
-2.211743
2.328257
-2.401743
2.608257
-2.471743
-2.461743
3.028257
3.058257
-2.611743
3.128257
-2.341743
-2.701743
-2.251743
-2.821743
-2.581743
-1.801743
-3.111743
3.038257
-2.401743
-3.091743
2.618257
2.178257
-2.601743
2.108257
2.518257
-1.241743
-1.981743
3.038257
-2.381743
-1.771743
-1.871743
2.768257
2.238257
-2.551743
-2.691743
-2.101743
2.528257
-2.491743
-2.861743
-3.141743
2.978257
-2.781743
2.038257
2.698257
2.198257
2.508257
-1.861743
-2.331743
-2.951743
-2.211743
3.008257
-2.341743
-2.091743
2.798257
-2.461743
2.398257
1.878257
-1.771743
-1.621743
-2.921743
-2.111743
2.428257
1.568257
2.408257
2.238257
-2.691743
2.358257
2.528257
2.748257
-2.621743
-2.901743
2.948257
2.568257
-3.031743
-2.071743
-2.651743
2.268257
3.118257
-2.711743
-2.231743
-2.991743
-1.621743
-2.901743
2.248257
2.438257
-2.121743
-2.771743
1.968257
2.878257
0.638257
-2.051743
-2.361743
2.098257
-2.911743
-2.621743
1.568257
2.998257
3.078257
2.158257
2.788257
3.048257
2.828257
-0.701743
3.088257
2.508257
2.398257
-2.431743
-2.901743
-2.251743
2.618257
3.048257
-3.081743
1.868257
2.398257
-3.091743
2.438257
-3.101743
-3.141743
-2.241743
-2.311743
-2.051743
2.778257
2.938257
-2.801743
-2.561743
-0.461743
2.228257
2.218257
2.768257
-2.881743
-3.141743
1.978257
-3.011743
1.888257
2.878257
2.668257
-2.621743
2.968257
-2.731743
2.998257
2.548257
-2.551743
2.978257
1.938257
-3.121743
-1.821743
-2.791743
2.668257
-2.421743
-2.271743
2.848257
-2.361743
-2.341743
-3.061743
2.778257
-1.331743
-2.491743
1.978257
1.948257
-3.121743
-1.711743
-1.871743
-1.881743
-2.731743
3.128257
-3.071743
2.848257
-2.981743
1.898257
-1.771743
-2.801743
2.198257
-3.041743
2.808257
2.108257
-2.281743
3.068257
-2.811743
1.998257
2.828257
2.428257
3.128257
-2.971743
-2.451743
2.828257
2.818257
-2.761743
-3.121743
-1.621743
2.898257
2.888257
-2.781743
-2.451743
1.578257
2.748257
2.818257
-2.671743
2.398257
-2.871743
-1.741743
-2.741743
1.728257
2.138257
-2.271743
-2.581743
-2.121743
2.868257
-1.791743
1.838257
-1.841743
3.028257
2.478257
-3.141743
-2.771743
-2.561743
-2.551743
3.058257
-3.101743
-2.761743
2.798257
-2.821743
-2.441743
2.978257
-2.781743
-1.541743
-2.561743
-3.031743
2.268257
3.128257
-1.811743
2.998257
2.828257
2.408257
2.078257
-2.511743
-1.761743
3.028257
3.028257
3.138257
2.898257
-2.041743
-3.081743
3.088257
-0.021743
-2.401743
-2.901743
2.278257
2.918257
-2.561743
2.768257
1.728257
-2.911743
-1.941743
2.348257
3.128257
-2.231743
1.948257
2.578257
-1.961743
-2.071743
-3.061743
-2.421743
2.528257
-1.821743
-2.501743
-2.091743
2.538257
-3.091743
-2.961743
1.588257
-2.101743
-1.461743
-2.101743
-2.481743
-2.411743
2.938257
1.728257
2.638257
2.848257
1.838257
-2.181743
2.298257
-2.681743
-2.801743
2.658257
-2.481743
-2.951743
-2.871743
2.398257
2.308257
2.358257
-2.601743
2.538257
-2.981743
-2.921743
-2.491743
-2.101743
-2.731743
3.098257
-2.181743
2.738257
-1.561743
2.728257
-2.461743
2.248257
2.998257
-1.881743
-1.921743
2.718257
1.828257
1.808257
3.128257
-1.671743
-1.301743
2.488257
-2.371743
1.758257
0.288257
-2.201743
-2.691743
-2.821743
1.798257
2.848257
-1.621743
2.398257
-3.051743
3.138257
2.508257
-2.791743
-2.631743
1.988257
2.578257
1.398257
3.008257
1.948257
2.498257
2.658257
-1.761743
-3.061743
2.368257
-2.401743
-2.761743
2.088257
-2.051743
-2.051743
2.488257
1.958257
3.028257
3.108257
3.108257
2.108257
1.568257
2.198257
-1.631743
-1.081743
2.868257
-2.201743
2.758257
-2.521743
-2.371743
2.598257
-2.091743
-1.091743
-2.231743
1.438257
2.918257
2.258257
-2.601743
-2.861743
-2.761743
-2.101743
-2.361743
2.038257
2.918257
2.218257
2.138257
2.148257
-2.741743
-2.961743
-2.111743
2.438257
2.938257
2.828257
2.028257
2.298257
2.708257
-1.571743
2.368257
2.198257
-2.481743
2.948257
-3.141743
2.838257
-1.551743
-1.731743
2.958257
-0.571743
-1.891743
-2.321743
-1.961743
3.108257
2.828257
2.848257
-1.821743
-2.181743
2.818257
-3.131743
2.468257
2.708257
2.888257
2.828257
-2.451743
-2.791743
-3.101743
1.938257
1.518257
2.718257
-2.311743
-2.831743
2.998257
-2.181743
2.578257
2.848257
2.668257
-2.481743
2.608257
-2.941743
3.018257
3.098257
2.778257
-2.281743
-2.851743
2.298257
2.538257
2.218257
-1.771743
-2.411743
3.028257
2.718257
2.878257
2.278257
-2.401743
2.918257
2.228257
-2.641743
-2.401743
2.968257
-2.671743
-2.901743
1.958257
-2.911743
2.198257
3.128257
1.748257
1.118257
2.808257
-2.721743
-2.541743
-2.981743
2.708257
2.918257
2.348257
2.948257
-3.011743
-2.601743
-2.711743
1.958257
2.948257
2.198257
2.548257
2.428257
2.748257
2.208257
-2.011743
-3.141743
-2.741743
1.888257
-2.401743
3.008257
-2.571743
2.418257
-2.731743
2.418257
-2.521743
2.988257
2.768257
-2.171743
-2.011743
-2.311743
-2.841743
1.838257
-2.341743
1.378257
3.088257
2.608257
1.908257
1.768257
-2.261743
2.798257
-2.801743
2.238257
2.608257
-2.841743
-1.951743
-3.131743
-3.101743
-2.431743
-2.831743
-2.871743
-2.261743
1.668257
-2.881743
2.308257
3.088257
2.348257
-2.271743
2.958257
-1.771743
-3.061743
-2.101743
2.738257
-2.811743
-2.471743
2.718257
2.318257
-2.001743
3.088257
1.808257
2.938257
-2.861743
2.918257
3.058257
-2.261743
-3.121743
-2.941743
-1.731743
-2.791743
2.458257
1.998257
2.408257
1.788257
-2.721743
-2.371743
-2.211743
-2.341743
2.468257
3.018257
1.498257
-2.891743
1.728257
-2.621743
-2.061743
2.398257
2.968257
3.008257
1.618257
1.478257
-2.801743
-2.981743
2.178257
3.068257
-2.451743
2.968257
-2.031743
2.218257
3.048257
-2.151743
2.478257
-2.881743
-2.021743
1.278257
-3.061743
2.318257
-2.431743
-2.761743
-2.961743
-2.961743
-2.521743
2.748257
-2.561743
-2.731743
2.448257
2.218257
3.128257
-2.821743
2.568257
-2.181743
-2.911743
-2.861743
-2.951743
3.128257
2.128257
-2.511743
2.298257
2.218257
2.668257
-2.671743
0.998257
2.158257
1.688257
2.118257
3.078257
-2.021743
2.908257
2.678257
1.658257
-2.031743
2.438257
2.698257
2.808257
2.498257
-2.141743
-2.611743
-2.511743
2.518257
-2.271743
3.088257
-1.921743
-2.091743
2.708257
2.328257
-2.561743
2.298257
2.868257
-1.241743
-2.231743
-2.431743
2.998257
2.368257
1.758257
2.088257
-2.571743
2.568257
-2.851743
-2.891743
-2.641743
2.468257
2.208257
2.738257
-0.201743
2.048257
-2.331743
2.388257
-3.111743
-2.811743
2.928257
-2.401743
-2.641743
2.018257
2.948257
-2.491743
2.528257
2.248257
2.438257
1.508257
-3.091743
-3.031743
-3.011743
-3.141743
-2.181743
2.658257
2.918257
2.128257
-2.291743
-3.111743
-2.621743
2.498257
1.928257
-3.121743
2.658257
3.038257
2.968257
-2.601743
1.788257
2.298257
2.658257
3.098257
-2.481743
2.598257
-3.091743
2.528257
-2.841743
1.838257
-2.141743
-2.501743
-2.101743
2.308257
-2.421743
-2.421743
3.048257
-3.111743
3.118257
2.158257
3.048257
-2.391743
2.588257
-2.391743
3.008257
-2.481743
2.438257
2.608257
2.568257
-2.171743
-1.931743
2.938257
-2.831743
-2.661743
2.358257
2.078257
-0.751743
2.498257
-2.721743
-2.751743
2.048257
2.218257
-1.311743
-2.591743
-3.071743
-2.111743
3.028257
-2.691743
-2.801743
-2.751743
-2.651743
-2.141743
2.808257
-1.591743
-2.851743
-2.081743
-2.431743
-2.191743
2.918257
-2.171743
-2.121743
2.908257
2.728257
-2.711743
-2.441743
2.488257
-2.421743
3.008257
2.738257
-1.921743
2.678257
-2.341743
-1.521743
-2.501743
-2.881743
-3.121743
2.468257
1.808257
2.618257
-2.331743
0.798257
2.208257
2.538257
2.638257
-2.441743
-1.781743
-2.231743
2.708257
2.868257
-2.441743
2.788257
-2.901743
-3.011743
-1.461743
-3.071743
2.198257
2.468257
2.228257
-2.541743
2.438257
2.798257
-2.031743
-3.101743
-2.321743
2.618257
2.158257
3.058257
-1.641743
2.018257
-2.901743
3.098257
-2.431743
-3.011743
2.338257
-2.401743
-1.891743
-2.291743
-2.191743
2.998257
-3.031743
-3.081743
2.238257
2.148257
-2.771743
-2.341743
1.998257
2.198257
-2.021743
2.088257
-2.541743
2.588257
2.508257
-2.401743
-3.131743
-2.641743
-2.681743
-3.041743
1.898257
-2.701743
2.588257
-3.041743
1.348257
2.308257
2.348257
-2.521743
2.048257
3.038257
2.068257
2.538257
1.928257
2.158257
2.608257
3.068257
2.318257
1.298257
2.288257
-2.401743
2.998257
-1.971743
2.968257
2.288257
2.298257
2.578257
-2.381743
-2.641743
2.248257
-1.891743
2.788257
2.238257
2.318257
-1.961743
-2.781743
2.598257
2.838257
-3.071743
-3.131743
2.968257
2.778257
2.708257
-3.131743
2.958257
-2.641743
-2.511743
-3.141743
3.118257
2.618257
3.028257
-2.621743
2.688257
-2.671743
-1.661743
-2.951743
-2.161743
2.898257
-2.151743
2.938257
-2.011743
-2.701743
-2.121743
2.618257
1.628257
1.588257
2.028257
-2.681743
-2.401743
1.598257
-2.541743
2.838257
-2.741743
-3.051743
2.778257
2.688257
-1.971743
1.888257
3.048257
-1.901743
-3.031743
-3.061743
-2.571743
-2.411743
2.048257
-2.991743
-2.951743
-2.081743
-2.721743
2.358257
-2.261743
2.718257
2.688257
2.648257
1.728257
-1.401743
-2.341743
-2.131743
-2.421743
0.998257
-1.661743
-1.991743
-2.131743
3.038257
-1.941743
-1.941743
-1.811743
2.668257
-2.821743
2.708257
2.638257
3.058257
-2.981743
-2.241743
2.858257
-2.681743
-2.901743
2.648257
-2.381743
1.858257
-2.081743
-2.411743
-3.101743
-2.841743
-1.851743
-2.511743
-2.791743
2.078257
3.098257
1.298257
-2.601743
-2.011743
2.718257
-2.561743
-2.201743
2.958257
2.988257
2.988257
-1.811743
-1.931743
2.068257
-1.641743
2.468257
-3.041743
-2.311743
-2.621743
-1.851743
-2.051743
-2.731743
3.098257
2.878257
2.928257
0.048257
-2.351743
-2.671743
2.728257
-2.411743
-2.901743
1.758257
2.888257
2.478257
1.818257
-2.371743
1.958257
2.988257
-2.911743
-2.701743
-2.041743
-2.661743
2.328257
-2.991743
-2.671743
2.948257
-2.801743
-2.021743
2.518257
2.438257
2.098257
-2.511743
2.808257
-1.831743
-2.581743
-2.311743
2.378257
-2.481743
2.138257
-2.581743
-2.221743
2.298257
2.378257
-3.041743
2.958257
-1.871743
-2.641743
2.218257
2.338257
-3.001743
2.198257
-2.171743
1.978257
2.848257
2.968257
2.248257
3.118257
-2.021743
-2.801743
-2.091743
1.718257
2.978257
-1.601743
2.378257
-2.341743
2.958257
2.868257
-2.241743
-2.081743
-2.651743
-2.661743
-2.611743
3.018257
-2.311743
-2.531743
2.358257
-2.481743
1.918257
-2.491743
-3.031743
-2.561743
0.138257
2.698257
2.388257
1.928257
-3.061743
1.808257
-3.021743
2.718257
3.088257
-2.661743
-2.531743
-2.431743
1.868257
2.498257
-2.671743
3.058257
2.508257
2.798257
-2.401743
2.438257
2.738257
-2.731743
2.408257
-2.371743
2.548257
-2.891743
2.098257
-1.901743
2.488257
2.608257
-1.801743
1.708257
2.678257
-2.591743
2.318257
3.018257
2.968257
-3.031743
2.938257
-2.701743
-2.411743
-3.141743
1.958257
2.908257
1.718257
2.798257
-2.101743
-2.871743
2.668257
-2.491743
2.698257
-2.601743
-2.471743
-2.641743
2.088257
-2.421743
2.488257
2.718257
-2.751743
-2.281743
1.898257
-2.691743
-1.931743
3.078257
2.678257
-1.821743
0.918257
2.738257
-2.001743
-2.121743
-2.311743
2.208257
1.948257
2.018257
2.898257
2.698257
-2.581743
2.418257
-1.991743
2.678257
2.818257
3.058257
2.588257
-1.651743
2.688257
2.378257
3.108257
2.668257
-1.761743
2.348257
1.378257
2.828257
-2.481743
3.068257
3.048257
-1.581743
2.218257
-1.521743
1.848257
2.538257
2.038257
2.638257
2.738257
-2.621743
2.428257
-2.621743
2.078257
-2.191743
2.548257
-2.131743
2.508257
2.228257
2.568257
2.668257
2.588257
-2.191743
2.528257
2.638257
-2.241743
2.688257
2.408257
-3.071743
2.928257
2.328257
1.498257
-1.881743
-2.791743
-2.611743
-2.161743
-2.351743
-2.791743
2.608257
1.268257
-2.131743
-3.071743
-2.121743
-3.141743
1.958257
-2.981743
3.008257
-2.971743
-2.361743
2.328257
2.198257
-1.791743
1.688257
1.978257
3.128257
-2.151743
2.418257
-2.641743
2.868257
2.078257
2.188257
-2.991743
2.928257
2.028257
2.578257
-2.601743
-3.041743
2.568257
3.108257
2.288257
2.758257
3.058257
3.108257
-2.881743
-2.331743
2.718257
2.278257
-2.291743
-2.241743
2.948257
2.348257
-2.571743
-3.071743
3.088257
-3.051743
-1.721743
-3.091743
-1.701743
-2.761743
2.868257
2.418257
-2.991743
-2.881743
2.958257
-2.401743
-2.711743
-2.401743
2.998257
-2.611743
1.998257
-0.661743
2.278257
-1.631743
3.018257
-2.421743
-2.941743
2.728257
-2.631743
2.488257
-2.601743
-2.471743
-2.541743
3.098257
-2.201743
2.658257
-2.171743
2.528257
2.978257
2.258257
-2.971743
2.078257
-3.131743
-3.111743
-2.871743
2.938257
2.318257
2.708257
-2.841743
2.218257
2.518257
2.828257
3.038257
1.978257
2.478257
2.568257
-2.941743
2.418257
2.768257
-2.921743
2.228257
-2.981743
-2.351743
2.558257
-1.611743
2.658257
-2.071743
-2.801743
2.058257
1.928257
2.668257
-2.111743
2.358257
2.838257
2.058257
-2.481743
-2.041743
-2.931743
-1.311743
-2.631743
2.358257
1.898257
-2.631743
2.788257
2.778257
-2.671743
2.468257
-2.761743
2.678257
-2.341743
2.478257
1.998257
-2.651743
-2.321743
2.528257
-3.121743
-3.101743
-2.701743
-2.051743
-3.081743
2.558257
3.118257
2.648257
1.838257
-2.561743
2.148257
-2.471743
1.918257
2.598257
-2.121743
2.148257
3.018257
-3.091743
2.168257
-2.521743
3.128257
-2.911743
2.758257
-2.171743
2.948257
2.378257
1.798257
-2.871743
2.628257
3.068257
3.068257
2.298257
-2.221743
2.708257
2.868257
2.028257
-3.001743
1.928257
3.018257
2.198257
-2.271743
2.648257
-2.921743
-2.641743
-2.571743
2.368257
-2.801743
-3.091743
-2.371743
-2.181743
-3.121743
2.248257
1.678257
2.558257
-2.961743
-2.091743
-2.681743
-2.591743
-1.721743
-2.661743
-3.061743
2.788257
1.578257
1.638257
1.878257
-2.661743
2.728257
2.458257
-1.391743
-2.151743
2.338257
-2.491743
-2.441743
2.838257
2.768257
2.048257
2.658257
-2.621743
2.218257
2.958257
-2.981743
2.128257
2.288257
2.208257
2.568257
1.908257
-2.121743
-2.881743
-2.921743
-2.591743
2.128257
-2.341743
-1.851743
-2.191743
-0.871743
-2.681743
-2.981743
1.758257
2.768257
2.488257
-2.621743
-2.691743
1.918257
-2.171743
1.988257
2.638257
-2.131743
2.528257
-2.771743
2.378257
1.418257
2.618257
2.268257
2.618257
-2.721743
-2.771743
1.488257
-2.921743
3.118257
2.038257
0.998257
2.258257
-2.781743
-2.801743
2.268257
-0.581743
-2.841743
3.018257
2.548257
1.808257
2.038257
2.778257
2.548257
-1.571743
-2.821743
-2.451743
-1.831743
2.658257
2.748257
-2.831743
2.268257
2.218257
-2.591743
2.588257
3.078257
2.798257
1.928257
-2.071743
-2.261743
1.518257
2.798257
2.368257
-1.511743
-2.651743
3.008257
-3.131743
2.468257
3.028257
-2.451743
-2.181743
-2.041743
1.388257
-2.281743
2.918257
1.948257
-0.901743
-2.371743
1.938257
-0.061743
-3.111743
-2.811743
2.638257
2.068257
-2.321743
-2.671743
2.338257
-2.311743
3.088257
1.578257
-2.681743
-2.581743
2.338257
3.118257
2.888257
3.128257
2.908257
3.078257
2.388257
-2.521743
-2.241743
-2.811743
3.048257
2.058257
2.208257
2.588257
-2.451743
-2.421743
2.428257
-2.731743
-2.791743
2.178257
2.758257
3.088257
-1.931743
-2.751743
-2.621743
1.868257
-1.651743
2.828257
-1.831743
-2.951743
2.538257
3.088257
-3.051743
-3.041743
2.898257
1.888257
-2.291743
2.008257
-2.921743
-2.811743
-2.251743
2.818257
-2.681743
2.188257
-2.121743
-2.991743
-3.101743
-2.311743
2.518257
-2.561743
1.708257
-0.071743
2.188257
2.268257
2.608257
1.738257
2.918257
2.418257
2.028257
2.248257
2.868257
-2.401743
-2.441743
2.948257
-2.731743
2.588257
-2.721743
2.188257
2.058257
2.018257
-1.981743
-1.761743
2.238257
-1.851743
2.138257
1.348257
-2.331743
2.168257
-2.521743
2.828257
2.798257
3.028257
-1.051743
2.148257
-2.191743
-1.851743
-2.451743
-1.781743
-1.931743
-2.541743
-1.791743
2.258257
-1.771743
-2.771743
-2.121743
-2.151743
-1.421743
-2.471743
-2.921743
0.248257
2.008257
-2.471743
2.468257
2.608257
-1.831743
3.018257
-2.861743
-2.281743
1.498257
-2.041743
3.018257
-1.681743
-2.811743
1.818257
-2.201743
3.078257
1.078257
1.908257
2.328257
-2.701743
-2.271743
-1.551743
1.138257
-2.631743
-2.031743
-2.671743
-2.671743
3.118257
3.058257
2.088257
-3.121743
3.008257
2.628257
2.968257
-2.911743
-2.991743
-3.061743
1.568257
1.908257
2.988257
2.708257
2.888257
-1.841743
2.668257
2.878257
-2.701743
2.858257
1.638257
-1.811743
2.678257
-3.091743
2.898257
-2.451743
-1.851743
2.458257
1.808257
2.488257
-1.781743
-3.001743
2.918257
1.978257
2.548257
2.098257
-1.701743
2.688257
3.118257
-3.001743
-1.581743
-2.801743
2.418257
2.588257
2.998257
1.908257
2.378257
-2.681743
-3.021743
3.028257
2.158257
-2.721743
-2.361743
2.698257
-2.401743
-1.991743
2.178257
3.058257
2.788257
2.728257
-2.811743
2.408257
-2.471743
2.008257
-3.011743
2.698257
1.428257
2.338257
-2.291743
-2.011743
-3.061743
2.828257
-1.811743
1.578257
1.648257
2.608257
-3.101743
-1.041743
2.798257
2.968257
1.988257
-2.141743
2.948257
-1.941743
2.108257
1.768257
2.218257
3.108257
2.738257
1.988257
2.128257
2.878257
-3.071743
3.028257
2.978257
-2.141743
-2.471743
2.478257
2.278257
3.098257
-2.091743
-3.101743
-2.811743
2.378257
-2.951743
-3.071743
-2.951743
-1.641743
-2.741743
1.668257
-1.791743
2.408257
2.658257
-2.111743
2.878257
1.958257
-2.541743
2.988257
3.028257
-2.971743
1.718257
-2.171743
2.888257
-2.631743
-1.701743
-2.901743
-2.401743
-2.791743
-2.981743
2.368257
-2.831743
2.308257
2.308257
2.928257
2.168257
-2.981743
-2.591743
-2.591743
2.438257
1.998257
-2.361743
-3.031743
-2.401743
1.798257
-2.861743
1.808257
2.968257
3.088257
-2.331743
0.558257
-2.271743
3.138257
-2.241743
-2.571743
2.688257
-2.441743
-1.941743
-1.951743
-2.981743
2.258257
-2.691743
-2.271743
-2.681743
1.618257
-1.701743
-3.111743
-2.451743
3.008257
2.498257
3.028257
-3.011743
2.588257
2.108257
2.008257
1.708257
-3.131743
2.588257
2.538257
-2.671743
1.558257
2.528257
2.998257
-2.701743
-3.031743
-1.851743
2.598257
2.088257
-2.931743
-1.681743
3.048257
-2.811743
2.248257
2.028257
1.788257
2.088257
-2.801743
2.778257
-2.161743
-2.641743
-2.131743
-2.981743
2.878257
-2.671743
2.648257
3.068257
3.118257
2.718257
-2.741743
-1.881743
-1.881743
-2.541743
-2.531743
-1.791743
2.948257
2.618257
2.578257
-2.681743
3.078257
-2.051743
2.868257
-2.741743
-2.681743
2.648257
-3.101743
-1.551743
-1.901743
-2.401743
-2.941743
3.018257
2.388257
3.108257
3.018257
-3.001743
1.608257
2.058257
-2.211743
2.768257
1.968257
1.598257
3.128257
2.328257
2.408257
-2.151743
-2.141743
2.138257
-2.961743
-3.091743
-2.911743
2.678257
2.708257
-3.101743
-2.991743
1.448257
2.038257
2.858257
2.388257
-3.071743
-1.771743
2.478257
-2.321743
-2.001743
1.308257
2.428257
-2.301743
2.968257
3.118257
3.018257
-2.971743
-2.371743
-2.031743
2.528257
1.888257
-2.831743
-3.041743
-2.211743
-1.671743
-2.371743
2.288257
2.368257
2.178257
-2.961743
-2.431743
2.708257
-3.111743
2.558257
2.808257
-3.081743
-2.561743
-3.061743
2.228257
2.478257
-2.421743
2.428257
2.848257
2.088257
-3.131743
1.878257
-2.011743
-3.001743
-2.751743
-2.171743
1.838257
-3.121743
-2.241743
2.088257
-2.981743
2.658257
1.748257
-2.111743
2.268257
-2.641743
2.938257
-2.991743
3.078257
-2.611743
-2.751743
2.098257
3.078257
2.978257
-2.191743
-1.711743
-3.041743
2.508257
-2.761743
2.658257
-2.391743
-2.611743
-2.901743
-2.421743
-2.351743
1.098257
3.038257
-3.011743
-2.911743
-2.171743
2.638257
2.718257
-2.091743
-2.991743
2.698257
1.798257
2.638257
-2.351743
2.808257
1.848257
2.468257
2.958257
-2.021743
2.088257
3.098257
2.918257
2.298257
2.238257
-3.091743
-2.031743
1.868257
2.448257
-3.041743
3.028257
3.008257
2.658257
-2.771743
-2.221743
-2.471743
1.898257
-2.661743
-1.971743
2.168257
2.498257
-2.661743
2.408257
-2.371743
3.088257
2.568257
1.368257
-1.891743
-2.001743
2.788257
2.378257
3.028257
3.138257
2.758257
-1.901743
-2.411743
2.328257
2.998257
-2.901743
2.388257
2.848257
2.128257
2.658257
-2.531743
-1.701743
-2.081743
2.638257
-2.681743
1.428257
-1.751743
3.028257
-2.871743
2.578257
2.228257
3.088257
2.178257
2.548257
2.638257
2.328257
2.248257
-3.081743
-2.261743
-2.641743
1.948257
-2.291743
2.258257
2.538257
2.718257
-2.201743
-2.741743
-3.051743
-2.631743
3.108257
2.818257
2.388257
1.378257
2.818257
-2.531743
-1.241743
2.928257
2.768257
-1.571743
-0.921743
1.758257
2.928257
2.488257
-2.801743
-2.311743
-3.111743
2.148257
2.638257
-2.901743
2.608257
-2.851743
2.568257
1.958257
1.228257
-2.971743
-1.641743
3.118257
-2.161743
-2.561743
2.708257
2.848257
-2.621743
-1.891743
2.928257
-2.671743
1.698257
-1.261743
-3.121743
-2.261743
-2.391743
2.548257
2.498257
-3.041743
3.008257
-2.211743
-2.901743
-2.471743
-2.641743
2.738257
2.808257
3.028257
1.868257
1.898257
1.728257
-2.761743
2.918257
-2.061743
1.728257
-2.271743
-2.921743
1.988257
-2.651743
2.588257
-2.321743
1.748257
2.878257
-3.001743
-2.641743
2.498257
2.198257
-3.011743
-2.261743
2.138257
-1.801743
2.568257
2.528257
-2.431743
-2.961743
1.978257
1.568257
1.998257
1.828257
2.288257
-3.101743
-2.811743
-2.731743
