2.000000	1.528137	0.000000	0.785398
0.975985
0.993985
0.983985
-0.171015
0.929985
0.544985
0.685985
-0.933015
-0.503015
0.985985
0.969985
0.994985
0.638985
0.616985
0.956985
0.939985
-0.253015
0.964985
-0.654015
0.821985
0.977985
-0.979015
0.345985
0.923985
0.976985
-0.677015
-0.196015
0.807985
-0.473015
0.849985
0.968985
0.970985
0.389985
0.084985
0.838985
0.803985
0.314985
-0.461015
-0.149015
-0.150015
0.918985
0.987985
0.468985
0.940985
0.864985
0.145985
0.533985
-0.206015
0.531985
0.839985
0.793985
0.242985
0.842985
0.810985
0.650985
0.335985
0.868985
0.956985
0.667985
0.843985
0.933985
0.825985
0.994985
0.902985
0.974985
0.998985
0.454985
0.866985
0.315985
0.291985
0.991985
0.837985
0.776985
0.959985
0.984985
0.860985
-0.485015
-0.946015
0.988985
0.416985
0.259985
-1.000015
0.908985
0.414985
0.429985
0.984985
0.386985
0.934985
0.991985
-0.105015
0.532985
0.608985
0.931985
0.683985
0.995985
0.847985
0.400985
0.332985
0.987985
0.511985
0.167985
0.783985
0.354985
0.591985
0.719985
0.837985
0.992985
-0.970015
0.572985
0.686985
0.300985
0.937985
-0.625015
0.731985
-0.163015
0.835985
0.994985
0.394985
-0.818015
0.611985
0.127985
-0.680015
0.991985
0.427985
0.686985
0.859985
0.802985
-0.594015
0.992985
0.947985
-0.179015
0.992985
0.956985
0.196985
0.041985
-0.797015
0.543985
0.751985
0.425985
0.572985
0.962985
0.703985
0.954985
0.871985
0.825985
0.566985
0.906985
0.918985
-0.705015
0.564985
0.669985
-0.584015
0.982985
0.917985
0.580985
0.902985
0.888985
0.967985
-0.909015
0.927985
0.990985
0.916985
0.610985
-0.515015
0.749985
-0.387015
0.171985
0.918985
0.867985
0.997985
0.899985
0.618985
0.983985
0.922985
-0.810015
0.965985
-0.334015
0.908985
0.614985
-0.481015
0.974985
0.040985
0.550985
0.697985
-0.020015
-0.179015
0.921985
-0.210015
0.737985
0.761985
-0.196015
0.820985
0.939985
0.985985
0.297985
0.970985
0.543985
0.791985
0.802985
0.992985
0.880985
-0.543015
0.958985
0.336985
0.279985
0.159985
-0.860015
0.979985
-0.110015
0.988985
0.810985
-0.927015
0.998985
0.948985
0.780985
0.975985
0.953985
0.769985
0.612985
-0.004015
0.100985
0.994985
-0.758015
0.588985
0.978985
0.904985
0.743985
0.067985
-0.297015
0.874985
0.959985
0.022985
0.588985
-0.473015
0.429985
-0.869015
0.626985
0.734985
0.862985
0.858985
0.776985
0.918985
0.931985
0.580985
0.551985
-0.477015
0.994985
-0.156015
0.851985
0.911985
0.199985
0.052985
0.682985
0.914985
0.563985
0.936985
0.699985
-0.281015
0.148985
0.830985
0.998985
0.970985
0.362985
0.925985
0.482985
0.857985
0.844985
0.433985
0.279985
0.878985
0.966985
-0.978015
0.809985
-0.691015
0.921985
0.948985
0.784985
0.975985
0.695985
0.995985
0.925985
0.936985
0.902985
0.499985
0.875985
-0.537015
0.038985
0.427985
0.326985
0.479985
-0.471015
0.923985
0.948985
0.760985
0.961985
0.987985
-0.166015
0.460985
0.723985
0.946985
0.919985
0.901985
0.812985
-0.894015
0.978985
-0.861015
0.474985
0.986985
0.166985
0.822985
0.959985
-0.763015
-0.677015
0.980985
0.635985
0.585985
0.639985
0.619985
-0.985015
-0.863015
0.002985
0.319985
0.428985
0.944985
-0.453015
0.970985
0.814985
-0.128015
-0.801015
0.988985
0.074985
0.974985
0.477985
0.983985
0.983985
0.932985
0.659985
0.666985
0.987985
0.967985
0.858985
0.229985
0.171985
0.998985
0.410985
0.512985
0.947985
-0.587015
0.957985
0.873985
0.820985
0.949985
0.958985
-0.509015
0.536985
0.987985
0.927985
0.025985
0.710985
0.918985
0.788985
0.948985
0.575985
0.902985
0.879985
0.944985
0.992985
0.734985
0.896985
0.867985
0.943985
0.482985
0.973985
0.920985
0.924985
0.972985
0.041985
-0.210015
0.974985
0.927985
-0.078015
0.972985
0.083985
0.953985
-0.948015
0.770985
0.039985
0.946985
0.161985
-0.667015
0.812985
0.902985
0.798985
0.984985
0.617985
0.546985
0.981985
0.978985
0.624985
0.882985
0.818985
0.447985
0.584985
0.828985
0.370985
-0.583015
0.841985
0.083985
0.674985
0.995985
0.743985
0.879985
0.970985
0.074985
0.946985
0.619985
0.830985
0.516985
0.960985
0.997985
-0.186015
-0.187015
0.845985
0.913985
0.642985
0.680985
0.458985
0.804985
0.960985
0.118985
0.973985
0.466985
-0.344015
-0.630015
0.811985
0.542985
0.976985
0.994985
0.657985
-0.027015
0.770985
0.689985
0.985985
0.471985
0.989985
0.903985
0.875985
0.761985
-0.040015
0.736985
0.764985
-0.898015
0.982985
0.830985
0.796985
-0.821015
0.994985
0.293985
0.089985
0.984985
0.678985
0.993985
-0.064015
-0.506015
0.665985
0.774985
0.080985
0.997985
-0.052015
0.996985
0.704985
0.418985
0.119985
-0.537015
0.733985
0.228985
0.973985
0.928985
0.907985
0.816985
0.697985
0.348985
0.959985
0.904985
0.966985
0.766985
0.767985
0.846985
0.976985
0.981985
0.347985
0.995985
0.794985
0.862985
0.936985
0.520985
0.976985
0.402985
0.980985
-0.247015
0.512985
0.995985
-0.334015
0.020985
0.799985
0.998985
0.967985
-0.002015
0.751985
0.291985
-0.004015
0.021985
0.884985
0.408985
0.684985
0.477985
0.814985
0.658985
0.082985
0.947985
0.476985
-0.557015
0.773985
0.482985
0.334985
0.989985
-0.046015
0.701985
0.870985
-0.967015
0.766985
0.927985
0.897985
0.966985
0.689985
0.994985
0.752985
0.977985
0.535985
0.981985
0.877985
0.326985
0.954985
0.894985
0.215985
0.866985
0.509985
0.729985
0.868985
0.992985
0.997985
0.953985
0.045985
0.976985
0.758985
0.969985
0.823985
-0.281015
0.917985
0.000985
0.981985
0.203985
0.475985
0.305985
0.995985
0.969985
0.989985
0.936985
-0.302015
-0.530015
0.992985
0.995985
0.243985
0.964985
0.872985
0.185985
0.902985
0.871985
0.904985
0.556985
0.238985
0.603985
0.692985
-0.075015
0.979985
0.624985
0.976985
0.149985
0.613985
0.676985
0.510985
0.358985
0.529985
0.962985
0.100985
0.732985
-0.274015
0.932985
0.990985
0.861985
0.582985
0.788985
-0.459015
0.221985
-0.507015
0.990985
0.186985
0.991985
-0.556015
0.965985
0.991985
0.973985
0.247985
0.843985
-0.750015
0.368985
0.917985
0.595985
0.742985
0.986985
0.106985
0.694985
0.262985
0.911985
0.801985
0.130985
0.145985
-0.772015
-0.890015
0.139985
0.892985
0.998985
0.689985
0.175985
0.989985
0.985985
0.959985
0.183985
0.489985
0.266985
0.949985
0.565985
0.732985
0.130985
-0.087015
0.561985
0.345985
0.553985
0.921985
0.821985
-0.527015
0.904985
0.929985
0.849985
0.800985
0.638985
0.767985
0.960985
-0.945015
-0.461015
-0.567015
0.431985
0.122985
0.619985
0.982985
0.765985
0.353985
-0.006015
-0.026015
0.991985
-0.307015
0.946985
0.848985
0.915985
-0.884015
0.540985
0.920985
0.985985
0.982985
0.897985
0.981985
0.886985
0.920985
-0.630015
0.935985
0.635985
0.831985
0.147985
0.985985
0.371985
-0.377015
0.047985
0.853985
0.650985
0.876985
0.982985
0.721985
0.987985
0.986985
0.839985
0.983985
0.525985
0.893985
0.415985
0.738985
0.480985
-0.337015
0.996985
0.996985
0.140985
0.542985
0.906985
0.348985
0.566985
0.983985
0.347985
0.983985
0.967985
0.597985
0.872985
0.604985
0.719985
0.964985
0.988985
0.821985
0.925985
-0.116015
0.920985
0.962985
0.892985
0.148985
0.876985
-0.832015
-0.566015
0.976985
-0.067015
0.390985
0.972985
0.948985
0.519985
-0.760015
0.087985
0.836985
0.654985
0.352985
-0.170015
0.883985
0.904985
-0.494015
0.857985
0.997985
0.896985
0.951985
0.283985
0.877985
0.850985
0.938985
-0.849015
0.853985
-0.272015
0.542985
0.605985
0.800985
0.696985
0.941985
0.979985
0.885985
0.982985
0.938985
0.982985
0.995985
0.372985
0.991985
0.945985
0.515985
-0.005015
0.826985
0.950985
0.983985
0.975985
0.625985
0.745985
-0.785015
0.993985
0.849985
0.859985
0.995985
0.876985
0.058985
0.780985
0.676985
0.513985
0.841985
-0.075015
0.967985
0.941985
0.760985
0.972985
0.509985
-0.556015
0.547985
0.990985
-0.383015
0.809985
0.036985
0.369985
0.844985
0.991985
-0.955015
0.997985
0.897985
0.864985
0.972985
0.993985
0.757985
0.700985
-0.339015
0.993985
0.964985
-0.139015
-0.511015
0.984985
0.679985
0.088985
0.984985
0.895985
0.994985
0.968985
0.435985
-0.763015
0.972985
0.605985
-0.008015
0.793985
-0.300015
0.512985
0.360985
0.574985
0.973985
0.057985
-0.764015
0.973985
-0.173015
-0.971015
0.880985
0.759985
0.332985
0.957985
0.636985
0.899985
0.988985
0.282985
-0.039015
0.983985
0.557985
0.398985
0.900985
-0.646015
0.765985
0.984985
-0.763015
-0.092015
0.524985
0.979985
0.988985
0.381985
-0.087015
0.642985
-0.834015
0.126985
0.498985
0.654985
0.662985
-0.520015
0.261985
0.827985
0.453985
0.952985
0.887985
0.245985
0.958985
0.947985
0.971985
0.814985
-0.293015
0.305985
0.978985
0.977985
0.912985
0.924985
0.960985
0.485985
-0.454015
0.174985
0.947985
0.393985
-0.269015
0.183985
0.555985
0.993985
0.867985
0.160985
0.953985
-0.400015
-0.874015
-0.801015
0.888985
-0.607015
0.498985
0.152985
0.581985
0.434985
0.961985
0.955985
0.935985
0.641985
0.899985
-0.388015
0.991985
0.487985
0.826985
0.071985
0.925985
0.790985
0.989985
0.958985
0.402985
0.367985
0.445985
0.836985
0.983985
0.967985
0.982985
0.965985
0.936985
0.757985
0.640985
0.203985
0.689985
0.138985
0.609985
0.869985
0.993985
-0.346015
-0.707015
0.836985
0.998985
0.942985
0.859985
0.924985
-0.202015
-0.409015
0.840985
0.961985
0.892985
0.776985
0.925985
0.993985
0.973985
0.986985
-0.688015
0.964985
0.278985
0.504985
0.145985
0.970985
0.938985
0.624985
0.942985
-0.146015
0.710985
0.975985
0.692985
0.663985
0.989985
0.770985
0.656985
-0.822015
0.905985
0.934985
-0.845015
0.820985
0.801985
-0.358015
-0.930015
-0.808015
0.632985
0.832985
0.490985
0.977985
0.944985
-0.630015
0.335985
0.641985
0.489985
0.443985
0.915985
0.905985
0.446985
0.895985
